battle_id,heuristic,opponent,won,turns,fainted_us,remaining_pokemon_us,total_hp_us,fainted_opp,remaining_pokemon_opp,total_hp_opp
battle-gen7randombattle-184539,simple_heuristic,max_power,1,21,3,3,2.277,6,0,0.0
battle-gen7randombattle-184540,simple_heuristic,max_power,0,39,6,0,0.0,5,1,0.2
battle-gen7randombattle-184541,simple_heuristic,max_power,0,20,6,0,0.0,3,1,0.61
battle-gen7randombattle-184542,simple_heuristic,max_power,1,15,2,4,3.344,6,0,0.0
battle-gen7randombattle-184543,simple_heuristic,max_power,1,17,4,2,2.0,6,0,0.0
battle-gen7randombattle-184544,simple_heuristic,max_power,1,16,2,4,3.74,6,0,0.0
battle-gen7randombattle-184545,simple_heuristic,max_power,1,18,4,2,1.298,6,0,0.0
battle-gen7randombattle-184546,simple_heuristic,max_power,1,20,2,4,3.76,6,0,0.0
battle-gen7randombattle-184547,simple_heuristic,max_power,1,15,3,3,2.73,6,0,0.0
battle-gen7randombattle-184548,simple_heuristic,max_power,1,27,3,3,2.562,5,0,0.0
battle-gen7randombattle-184549,simple_heuristic,max_power,1,13,3,3,2.741,6,0,0.0
battle-gen7randombattle-184550,simple_heuristic,max_power,1,13,3,3,3.0,6,0,0.0
battle-gen7randombattle-184551,simple_heuristic,max_power,0,24,6,0,0.0,5,1,0.29
battle-gen7randombattle-184552,simple_heuristic,max_power,1,8,1,5,4.536,6,0,0.0
battle-gen7randombattle-184553,simple_heuristic,max_power,1,24,4,2,1.027,6,0,0.0
battle-gen7randombattle-184554,simple_heuristic,max_power,1,24,4,2,1.874,6,0,0.0
battle-gen7randombattle-184555,simple_heuristic,max_power,1,15,3,3,2.365,6,0,0.0
battle-gen7randombattle-184556,simple_heuristic,max_power,1,23,3,3,2.856,6,0,0.0
battle-gen7randombattle-184557,simple_heuristic,max_power,1,19,4,2,1.234,6,0,0.0
battle-gen7randombattle-184558,simple_heuristic,max_power,1,18,2,4,4.0,6,0,0.0
battle-gen7randombattle-184559,simple_heuristic,max_power,1,16,1,5,4.437,6,0,0.0
battle-gen7randombattle-184560,simple_heuristic,max_power,1,17,5,1,1.0,6,0,0.0
battle-gen7randombattle-184561,simple_heuristic,max_power,1,38,4,2,1.01,6,0,0.0
battle-gen7randombattle-184562,simple_heuristic,max_power,1,13,1,5,4.018,6,0,0.0
battle-gen7randombattle-184563,simple_heuristic,max_power,1,19,3,3,2.007,6,0,0.0
battle-gen7randombattle-184564,simple_heuristic,max_power,1,16,4,2,1.715,6,0,0.0
battle-gen7randombattle-184565,simple_heuristic,max_power,1,15,3,3,2.554,6,0,0.0
battle-gen7randombattle-184566,simple_heuristic,max_power,0,49,6,0,0.0,5,1,0.52
battle-gen7randombattle-184567,simple_heuristic,max_power,1,13,2,4,3.648,6,0,0.0
battle-gen7randombattle-184568,simple_heuristic,max_power,1,16,4,2,1.276,6,0,0.0
battle-gen7randombattle-184569,simple_heuristic,max_power,1,16,3,3,1.647,6,0,0.0
battle-gen7randombattle-184570,simple_heuristic,max_power,1,15,1,5,4.806,6,0,0.0
battle-gen7randombattle-184571,simple_heuristic,max_power,1,23,4,2,1.091,6,0,0.0
battle-gen7randombattle-184572,simple_heuristic,max_power,1,12,2,4,3.45,6,0,0.0
battle-gen7randombattle-184573,simple_heuristic,max_power,0,24,6,0,0.0,5,1,0.71
battle-gen7randombattle-184574,simple_heuristic,max_power,1,22,4,2,1.045,6,0,0.0
battle-gen7randombattle-184575,simple_heuristic,max_power,1,15,3,3,3.0,6,0,0.0
battle-gen7randombattle-184576,simple_heuristic,max_power,0,15,6,0,0.0,5,1,0.14
battle-gen7randombattle-184577,simple_heuristic,max_power,1,11,0,6,5.427,6,0,0.0
battle-gen7randombattle-184578,simple_heuristic,max_power,1,17,3,3,2.374,6,0,0.0
battle-gen7randombattle-184579,simple_heuristic,max_power,1,20,4,2,1.241,6,0,0.0
battle-gen7randombattle-184580,simple_heuristic,max_power,1,63,3,3,2.458,6,0,0.0
battle-gen7randombattle-184581,simple_heuristic,max_power,1,32,3,3,2.755,6,0,0.0
battle-gen7randombattle-184582,simple_heuristic,max_power,1,20,4,2,0.644,6,0,0.0
battle-gen7randombattle-184583,simple_heuristic,max_power,1,21,5,1,0.514,6,0,0.0
battle-gen7randombattle-184584,simple_heuristic,max_power,1,22,3,3,2.903,6,0,0.0
battle-gen7randombattle-184585,simple_heuristic,max_power,1,24,3,3,2.867,6,0,0.0
battle-gen7randombattle-184586,simple_heuristic,max_power,1,19,4,2,2.0,6,0,0.0
battle-gen7randombattle-184587,simple_heuristic,max_power,1,25,4,2,1.516,6,0,0.0
battle-gen7randombattle-184588,simple_heuristic,max_power,1,20,2,4,3.121,6,0,0.0
battle-gen7randombattle-184589,simple_heuristic,max_power,1,18,1,5,4.878,6,0,0.0
battle-gen7randombattle-184590,simple_heuristic,max_power,1,17,3,3,2.433,6,0,0.0
battle-gen7randombattle-184591,simple_heuristic,max_power,1,19,2,4,3.214,6,0,0.0
battle-gen7randombattle-184592,simple_heuristic,max_power,1,34,3,3,2.122,6,0,0.0
battle-gen7randombattle-184593,simple_heuristic,max_power,1,21,5,1,0.359,6,0,0.0
battle-gen7randombattle-184594,simple_heuristic,max_power,1,13,2,4,4.0,6,0,0.0
battle-gen7randombattle-184595,simple_heuristic,max_power,1,22,5,1,0.123,6,0,0.0
battle-gen7randombattle-184596,simple_heuristic,max_power,1,19,2,4,3.159,6,0,0.0
battle-gen7randombattle-184597,simple_heuristic,max_power,1,14,2,4,4.0,6,0,0.0
battle-gen7randombattle-184598,simple_heuristic,max_power,0,18,6,0,0.0,5,1,0.17
battle-gen7randombattle-184599,simple_heuristic,max_power,1,16,2,4,3.307,6,0,0.0
battle-gen7randombattle-184600,simple_heuristic,max_power,1,38,1,5,3.333,6,0,0.0
battle-gen7randombattle-184601,simple_heuristic,max_power,1,16,4,2,2.0,6,0,0.0
battle-gen7randombattle-184602,simple_heuristic,max_power,1,12,2,4,3.317,6,0,0.0
battle-gen7randombattle-184603,simple_heuristic,max_power,0,22,6,0,0.0,4,1,0.35
battle-gen7randombattle-184604,simple_heuristic,max_power,1,17,5,1,0.185,6,0,0.0
battle-gen7randombattle-184605,simple_heuristic,max_power,1,15,4,2,1.445,6,0,0.0
battle-gen7randombattle-184606,simple_heuristic,max_power,0,21,6,0,0.0,5,1,0.12
battle-gen7randombattle-184607,simple_heuristic,max_power,1,15,3,3,2.366,6,0,0.0
battle-gen7randombattle-184608,simple_heuristic,max_power,1,23,5,1,0.814,6,0,0.0
battle-gen7randombattle-184609,simple_heuristic,max_power,1,9,1,5,5.0,6,0,0.0
battle-gen7randombattle-184610,simple_heuristic,max_power,0,11,6,0,0.0,3,1,0.42
battle-gen7randombattle-184611,simple_heuristic,max_power,1,23,4,2,2.0,6,0,0.0
battle-gen7randombattle-184612,simple_heuristic,max_power,0,19,6,0,0.0,5,1,0.26
battle-gen7randombattle-184613,simple_heuristic,max_power,1,16,0,6,5.422,6,0,0.0
battle-gen7randombattle-184614,simple_heuristic,max_power,1,19,1,5,4.577,6,0,0.0
battle-gen7randombattle-184615,simple_heuristic,max_power,1,24,4,2,2.0,6,0,0.0
battle-gen7randombattle-184616,simple_heuristic,max_power,1,11,1,5,4.465,6,0,0.0
battle-gen7randombattle-184617,simple_heuristic,max_power,1,20,4,2,1.123,6,0,0.0
battle-gen7randombattle-184618,simple_heuristic,max_power,1,14,3,3,2.9,6,0,0.0
battle-gen7randombattle-184619,simple_heuristic,max_power,1,17,4,2,1.299,6,0,0.0
battle-gen7randombattle-184620,simple_heuristic,max_power,0,23,6,0,0.0,3,1,0.33
battle-gen7randombattle-184621,simple_heuristic,max_power,0,13,6,0,0.0,4,1,1.0
battle-gen7randombattle-184622,simple_heuristic,max_power,1,28,2,4,3.746,6,0,0.0
battle-gen7randombattle-184623,simple_heuristic,max_power,1,15,3,3,2.277,6,0,0.0
battle-gen7randombattle-184624,simple_heuristic,max_power,1,19,4,2,2.0,6,0,0.0
battle-gen7randombattle-184625,simple_heuristic,max_power,1,30,3,3,3.0,6,0,0.0
battle-gen7randombattle-184626,simple_heuristic,max_power,1,13,3,3,2.336,6,0,0.0
battle-gen7randombattle-184627,simple_heuristic,max_power,1,25,3,3,2.197,6,0,0.0
battle-gen7randombattle-184628,simple_heuristic,max_power,1,14,3,3,3.0,6,0,0.0
battle-gen7randombattle-184629,simple_heuristic,max_power,1,27,5,1,0.664,6,0,0.0
battle-gen7randombattle-184630,simple_heuristic,max_power,1,35,5,1,0.562,6,0,0.0
battle-gen7randombattle-184631,simple_heuristic,max_power,1,71,5,1,0.781,6,0,0.0
battle-gen7randombattle-184632,simple_heuristic,max_power,1,11,2,4,3.447,6,0,0.0
battle-gen7randombattle-184633,simple_heuristic,max_power,1,14,3,3,2.07,6,0,0.0
battle-gen7randombattle-184634,simple_heuristic,max_power,1,22,1,5,4.116,6,0,0.0
battle-gen7randombattle-184635,simple_heuristic,max_power,1,19,3,3,2.179,6,0,0.0
battle-gen7randombattle-184636,simple_heuristic,max_power,1,12,1,5,4.248,6,0,0.0
battle-gen7randombattle-184637,simple_heuristic,max_power,1,14,2,4,3.569,6,0,0.0
battle-gen7randombattle-184638,simple_heuristic,max_power,1,27,5,1,1.0,6,0,0.0
battle-gen7randombattle-184639,simple_heuristic,max_power,1,17,2,4,3.025,6,0,0.0
battle-gen7randombattle-184640,simple_heuristic,max_power,1,26,4,2,2.0,6,0,0.0
battle-gen7randombattle-184641,simple_heuristic,max_power,1,15,1,5,3.689,6,0,0.0
battle-gen7randombattle-184642,simple_heuristic,max_power,1,17,2,4,3.983,6,0,0.0
battle-gen7randombattle-184643,simple_heuristic,max_power,1,14,1,5,4.878,6,0,0.0
battle-gen7randombattle-184644,simple_heuristic,max_power,1,20,2,4,3.955,6,0,0.0
battle-gen7randombattle-184645,simple_heuristic,max_power,1,16,4,2,1.079,6,0,0.0
battle-gen7randombattle-184646,simple_heuristic,max_power,0,17,6,0,0.0,2,1,0.2
battle-gen7randombattle-184647,simple_heuristic,max_power,1,23,3,3,3.0,6,0,0.0
battle-gen7randombattle-184648,simple_heuristic,max_power,1,9,1,5,4.72,6,0,0.0
battle-gen7randombattle-184649,simple_heuristic,max_power,1,16,3,3,2.901,6,0,0.0
battle-gen7randombattle-184650,simple_heuristic,max_power,1,20,4,2,1.615,6,0,0.0
battle-gen7randombattle-184651,simple_heuristic,max_power,1,17,3,3,2.991,6,0,0.0
battle-gen7randombattle-184652,simple_heuristic,max_power,1,11,1,5,3.559,6,0,0.0
battle-gen7randombattle-184653,simple_heuristic,max_power,1,15,4,2,1.813,6,0,0.0
battle-gen7randombattle-184654,simple_heuristic,max_power,1,12,3,3,2.257,6,0,0.0
battle-gen7randombattle-184655,simple_heuristic,max_power,1,13,2,4,3.439,6,0,0.0
battle-gen7randombattle-184656,simple_heuristic,max_power,1,17,4,2,1.667,6,0,0.0
battle-gen7randombattle-184657,simple_heuristic,max_power,1,16,4,2,1.424,6,0,0.0
battle-gen7randombattle-184658,simple_heuristic,max_power,1,13,1,5,4.046,6,0,0.0
battle-gen7randombattle-184659,simple_heuristic,max_power,1,22,4,2,1.077,6,0,0.0
battle-gen7randombattle-184660,simple_heuristic,max_power,0,16,6,0,0.0,6,0,0.0
battle-gen7randombattle-184661,simple_heuristic,max_power,1,16,3,3,2.609,6,0,0.0
battle-gen7randombattle-184662,simple_heuristic,max_power,1,18,2,4,3.162,6,0,0.0
battle-gen7randombattle-184663,simple_heuristic,max_power,0,26,6,0,0.0,3,1,0.1
battle-gen7randombattle-184664,simple_heuristic,max_power,1,26,4,2,1.674,6,0,0.0
battle-gen7randombattle-184665,simple_heuristic,max_power,0,18,6,0,0.0,5,1,0.74
battle-gen7randombattle-184666,simple_heuristic,max_power,1,10,0,6,6.0,6,0,0.0
battle-gen7randombattle-184667,simple_heuristic,max_power,1,13,3,3,2.816,6,0,0.0
battle-gen7randombattle-184668,simple_heuristic,max_power,1,23,3,3,2.815,6,0,0.0
battle-gen7randombattle-184669,simple_heuristic,max_power,1,19,4,2,1.505,6,0,0.0
battle-gen7randombattle-184670,simple_heuristic,max_power,1,17,4,2,1.467,6,0,0.0
battle-gen7randombattle-184671,simple_heuristic,max_power,0,31,6,0,0.0,5,1,0.03
battle-gen7randombattle-184672,simple_heuristic,max_power,1,15,1,5,4.483,6,0,0.0
battle-gen7randombattle-184673,simple_heuristic,max_power,1,18,4,2,2.0,6,0,0.0
battle-gen7randombattle-184674,simple_heuristic,max_power,1,21,3,3,1.934,6,0,0.0
battle-gen7randombattle-184675,simple_heuristic,max_power,1,24,3,3,2.665,6,0,0.0
battle-gen7randombattle-184676,simple_heuristic,max_power,1,12,1,5,4.815,6,0,0.0
battle-gen7randombattle-184677,simple_heuristic,max_power,1,14,3,3,2.286,6,0,0.0
battle-gen7randombattle-184678,simple_heuristic,max_power,1,22,5,1,0.469,6,0,0.0
battle-gen7randombattle-184679,simple_heuristic,max_power,1,20,3,3,2.448,6,0,0.0
battle-gen7randombattle-184680,simple_heuristic,max_power,0,13,6,0,0.0,4,1,1.0
battle-gen7randombattle-184681,simple_heuristic,max_power,1,17,2,4,3.539,6,0,0.0
battle-gen7randombattle-184682,simple_heuristic,max_power,1,13,1,5,3.822,6,0,0.0
battle-gen7randombattle-184683,simple_heuristic,max_power,1,21,5,1,0.447,6,0,0.0
battle-gen7randombattle-184684,simple_heuristic,max_power,1,21,3,3,2.687,6,0,0.0
battle-gen7randombattle-184685,simple_heuristic,max_power,1,12,5,1,0.866,6,0,0.0
battle-gen7randombattle-184686,simple_heuristic,max_power,1,17,3,3,3.0,6,0,0.0
battle-gen7randombattle-184687,simple_heuristic,max_power,1,16,3,3,2.901,6,0,0.0
battle-gen7randombattle-184688,simple_heuristic,max_power,1,24,4,2,1.823,6,0,0.0
battle-gen7randombattle-184689,simple_heuristic,max_power,1,14,1,5,4.272,6,0,0.0
battle-gen7randombattle-184690,simple_heuristic,max_power,1,15,1,5,3.837,6,0,0.0
battle-gen7randombattle-184691,simple_heuristic,max_power,0,32,6,0,0.0,5,1,0.51
battle-gen7randombattle-184692,simple_heuristic,max_power,1,14,2,4,3.394,6,0,0.0
battle-gen7randombattle-184693,simple_heuristic,max_power,1,30,2,4,3.208,6,0,0.0
battle-gen7randombattle-184694,simple_heuristic,max_power,1,16,3,3,2.55,6,0,0.0
battle-gen7randombattle-184695,simple_heuristic,max_power,1,15,3,3,2.362,6,0,0.0
battle-gen7randombattle-184696,simple_heuristic,max_power,1,19,3,3,2.725,6,0,0.0
battle-gen7randombattle-184697,simple_heuristic,max_power,0,17,6,0,0.0,4,1,0.39
battle-gen7randombattle-184698,simple_heuristic,max_power,1,17,3,3,2.743,6,0,0.0
battle-gen7randombattle-184699,simple_heuristic,max_power,1,35,3,3,2.513,6,0,0.0
battle-gen7randombattle-184700,simple_heuristic,max_power,1,13,0,6,6.0,6,0,0.0
battle-gen7randombattle-184701,simple_heuristic,max_power,1,26,3,3,1.543,6,0,0.0
battle-gen7randombattle-184702,simple_heuristic,max_power,1,22,5,1,0.29,6,0,0.0
battle-gen7randombattle-184703,simple_heuristic,max_power,1,20,4,2,1.783,6,0,0.0
battle-gen7randombattle-184704,simple_heuristic,max_power,1,12,3,3,2.348,6,0,0.0
battle-gen7randombattle-184705,simple_heuristic,max_power,1,16,2,4,3.643,6,0,0.0
battle-gen7randombattle-184706,simple_heuristic,max_power,0,34,6,0,0.0,5,1,0.04
battle-gen7randombattle-184707,simple_heuristic,max_power,1,22,3,3,2.015,6,0,0.0
battle-gen7randombattle-184708,simple_heuristic,max_power,1,9,1,5,4.378,6,0,0.0
battle-gen7randombattle-184709,simple_heuristic,max_power,1,37,4,2,1.246,6,0,0.0
battle-gen7randombattle-184710,simple_heuristic,max_power,1,12,2,4,4.0,6,0,0.0
battle-gen7randombattle-184711,simple_heuristic,max_power,1,15,4,2,1.605,6,0,0.0
battle-gen7randombattle-184712,simple_heuristic,max_power,1,22,4,2,1.524,6,0,0.0
battle-gen7randombattle-184713,simple_heuristic,max_power,0,19,6,0,0.0,4,1,0.67
battle-gen7randombattle-184714,simple_heuristic,max_power,1,17,5,1,1.0,6,0,0.0
battle-gen7randombattle-184715,simple_heuristic,max_power,1,18,3,3,2.196,6,0,0.0
battle-gen7randombattle-184716,simple_heuristic,max_power,0,15,6,0,0.0,4,1,0.46
battle-gen7randombattle-184717,simple_heuristic,max_power,1,14,2,4,3.035,6,0,0.0
battle-gen7randombattle-184718,simple_heuristic,max_power,1,20,4,2,2.0,6,0,0.0
battle-gen7randombattle-184719,simple_heuristic,max_power,1,19,3,3,2.8,6,0,0.0
battle-gen7randombattle-184720,simple_heuristic,max_power,1,25,4,2,1.359,6,0,0.0
battle-gen7randombattle-184721,simple_heuristic,max_power,1,25,2,4,2.937,6,0,0.0
battle-gen7randombattle-184722,simple_heuristic,max_power,1,22,3,3,2.936,6,0,0.0
battle-gen7randombattle-184723,simple_heuristic,max_power,0,17,6,0,0.0,3,1,0.87
battle-gen7randombattle-184724,simple_heuristic,max_power,1,14,2,4,4.0,6,0,0.0
battle-gen7randombattle-184725,simple_heuristic,max_power,0,20,6,0,0.0,4,2,0.96
battle-gen7randombattle-184726,simple_heuristic,max_power,0,12,6,0,0.0,2,1,0.23
battle-gen7randombattle-184727,simple_heuristic,max_power,0,17,6,0,0.0,4,1,0.08
battle-gen7randombattle-184728,simple_heuristic,max_power,1,27,3,3,3.0,6,0,0.0
battle-gen7randombattle-184729,simple_heuristic,max_power,1,28,5,1,0.16,6,0,0.0
battle-gen7randombattle-184730,simple_heuristic,max_power,1,12,2,4,4.0,6,0,0.0
battle-gen7randombattle-184731,simple_heuristic,max_power,0,18,6,0,0.0,5,1,0.22
battle-gen7randombattle-184732,simple_heuristic,max_power,1,14,3,3,2.627,6,0,0.0
battle-gen7randombattle-184733,simple_heuristic,max_power,1,16,4,2,1.422,6,0,0.0
battle-gen7randombattle-184734,simple_heuristic,max_power,1,16,3,3,2.694,6,0,0.0
battle-gen7randombattle-184735,simple_heuristic,max_power,1,40,4,2,1.916,6,0,0.0
battle-gen7randombattle-184736,simple_heuristic,max_power,1,15,3,3,2.515,6,0,0.0
battle-gen7randombattle-184737,simple_heuristic,max_power,1,24,2,4,4.0,6,0,0.0
battle-gen7randombattle-184738,simple_heuristic,max_power,1,16,1,5,4.079,6,0,0.0
battle-gen7randombattle-184739,simple_heuristic,max_power,1,18,4,2,1.652,6,0,0.0
battle-gen7randombattle-184740,simple_heuristic,max_power,1,14,1,5,3.027,6,0,0.0
battle-gen7randombattle-184741,simple_heuristic,max_power,1,18,3,3,2.429,6,0,0.0
battle-gen7randombattle-184742,simple_heuristic,max_power,1,28,3,3,2.995,6,0,0.0
battle-gen7randombattle-184743,simple_heuristic,max_power,0,13,6,0,0.0,4,1,0.42
battle-gen7randombattle-184744,simple_heuristic,max_power,1,15,1,5,4.336,6,0,0.0
battle-gen7randombattle-184745,simple_heuristic,max_power,0,23,6,0,0.0,5,1,0.09
battle-gen7randombattle-184746,simple_heuristic,max_power,1,13,1,5,4.21,6,0,0.0
battle-gen7randombattle-184747,simple_heuristic,max_power,1,21,2,4,3.56,6,0,0.0
battle-gen7randombattle-184748,simple_heuristic,max_power,0,23,6,0,0.0,4,1,0.86
battle-gen7randombattle-184749,simple_heuristic,max_power,1,17,3,3,1.785,6,0,0.0
battle-gen7randombattle-184750,simple_heuristic,max_power,1,13,3,3,2.773,6,0,0.0
battle-gen7randombattle-184751,simple_heuristic,max_power,1,19,2,4,3.689,6,0,0.0
battle-gen7randombattle-184752,simple_heuristic,max_power,1,11,4,2,1.9,6,0,0.0
battle-gen7randombattle-184753,simple_heuristic,max_power,1,18,3,3,1.376,6,0,0.0
battle-gen7randombattle-184754,simple_heuristic,max_power,0,19,6,0,0.0,5,1,0.46
battle-gen7randombattle-184755,simple_heuristic,max_power,1,28,3,3,3.0,6,0,0.0
battle-gen7randombattle-184756,simple_heuristic,max_power,1,16,3,3,3.0,6,0,0.0
battle-gen7randombattle-184757,simple_heuristic,max_power,1,23,3,3,2.686,6,0,0.0
battle-gen7randombattle-184758,simple_heuristic,max_power,1,14,3,3,2.332,6,0,0.0
battle-gen7randombattle-184759,simple_heuristic,max_power,1,26,5,1,0.008,6,0,0.0
battle-gen7randombattle-184760,simple_heuristic,max_power,0,16,6,0,0.0,5,1,0.63
battle-gen7randombattle-184761,simple_heuristic,max_power,1,37,4,2,0.899,6,0,0.0
battle-gen7randombattle-184762,simple_heuristic,max_power,1,17,3,3,3.0,6,0,0.0
battle-gen7randombattle-184763,simple_heuristic,max_power,1,13,3,3,2.193,6,0,0.0
battle-gen7randombattle-184764,simple_heuristic,max_power,1,30,2,4,3.631,6,0,0.0
battle-gen7randombattle-184765,simple_heuristic,max_power,1,25,4,2,1.12,6,0,0.0
battle-gen7randombattle-184766,simple_heuristic,max_power,1,21,4,2,1.011,6,0,0.0
battle-gen7randombattle-184767,simple_heuristic,max_power,0,25,6,0,0.0,5,1,0.23
battle-gen7randombattle-184768,simple_heuristic,max_power,1,17,1,5,3.831,6,0,0.0
battle-gen7randombattle-184769,simple_heuristic,max_power,1,15,3,3,3.0,6,0,0.0
battle-gen7randombattle-184770,simple_heuristic,max_power,1,22,5,1,0.748,6,0,0.0
battle-gen7randombattle-184771,simple_heuristic,max_power,1,15,3,3,2.597,6,0,0.0
battle-gen7randombattle-184772,simple_heuristic,max_power,1,13,4,2,1.274,6,0,0.0
battle-gen7randombattle-184773,simple_heuristic,max_power,1,21,5,1,0.781,6,0,0.0
battle-gen7randombattle-184774,simple_heuristic,max_power,1,20,3,3,2.317,6,0,0.0
battle-gen7randombattle-184775,simple_heuristic,max_power,1,16,4,2,2.0,6,0,0.0
battle-gen7randombattle-184776,simple_heuristic,max_power,0,24,6,0,0.0,4,1,0.2
battle-gen7randombattle-184777,simple_heuristic,max_power,1,20,4,2,1.878,6,0,0.0
battle-gen7randombattle-184778,simple_heuristic,max_power,1,10,0,6,5.244,6,0,0.0
battle-gen7randombattle-184779,simple_heuristic,max_power,1,23,5,1,0.645,6,0,0.0
battle-gen7randombattle-184780,simple_heuristic,max_power,1,17,5,1,0.401,6,0,0.0
battle-gen7randombattle-184781,simple_heuristic,max_power,1,11,2,4,4.0,6,0,0.0
battle-gen7randombattle-184782,simple_heuristic,max_power,1,17,5,1,0.386,6,0,0.0
battle-gen7randombattle-184783,simple_heuristic,max_power,1,24,3,3,2.115,6,0,0.0
battle-gen7randombattle-184784,simple_heuristic,max_power,1,12,2,4,3.036,6,0,0.0
battle-gen7randombattle-184785,simple_heuristic,max_power,1,15,3,3,2.869,6,0,0.0
battle-gen7randombattle-184786,simple_heuristic,max_power,1,19,5,1,1.0,6,0,0.0
battle-gen7randombattle-184787,simple_heuristic,max_power,1,17,2,4,3.154,6,0,0.0
battle-gen7randombattle-184788,simple_heuristic,max_power,0,18,6,0,0.0,3,1,0.17
battle-gen7randombattle-184539,simple_heuristic,max_power,0,23,6,0,0.0,4,1,0.27
battle-gen7randombattle-184540,simple_heuristic,max_power,1,17,3,3,2.582,6,0,0.0
battle-gen7randombattle-184541,simple_heuristic,max_power,1,14,0,6,5.648,6,0,0.0
battle-gen7randombattle-184542,simple_heuristic,max_power,1,20,5,1,0.574,6,0,0.0
battle-gen7randombattle-184543,simple_heuristic,max_power,1,11,2,4,3.026,6,0,0.0
battle-gen7randombattle-184544,simple_heuristic,max_power,1,17,3,3,2.378,6,0,0.0
battle-gen7randombattle-184545,simple_heuristic,max_power,1,18,2,4,3.282,6,0,0.0
battle-gen7randombattle-184546,simple_heuristic,max_power,1,21,5,1,0.787,6,0,0.0
battle-gen7randombattle-184547,simple_heuristic,max_power,1,16,2,4,3.11,6,0,0.0
battle-gen7randombattle-184548,simple_heuristic,max_power,1,16,2,4,3.206,6,0,0.0
battle-gen7randombattle-184549,simple_heuristic,max_power,1,11,4,2,1.098,6,0,0.0
battle-gen7randombattle-184550,simple_heuristic,max_power,0,26,6,0,0.0,5,1,0.37
battle-gen7randombattle-184551,simple_heuristic,max_power,1,21,3,3,2.712,6,0,0.0
battle-gen7randombattle-184552,simple_heuristic,max_power,1,18,5,1,0.536,6,0,0.0
battle-gen7randombattle-184553,simple_heuristic,max_power,1,15,3,3,2.576,6,0,0.0
battle-gen7randombattle-184554,simple_heuristic,max_power,1,23,1,5,4.808,6,0,0.0
battle-gen7randombattle-184555,simple_heuristic,max_power,1,15,3,3,2.757,6,0,0.0
battle-gen7randombattle-184556,simple_heuristic,max_power,1,17,3,3,2.026,6,0,0.0
battle-gen7randombattle-184557,simple_heuristic,max_power,1,25,4,2,1.053,6,0,0.0
battle-gen7randombattle-184558,simple_heuristic,max_power,1,20,4,2,1.604,6,0,0.0
battle-gen7randombattle-184559,simple_heuristic,max_power,1,23,3,3,1.986,6,0,0.0
battle-gen7randombattle-184560,simple_heuristic,max_power,1,17,3,3,1.881,6,0,0.0
battle-gen7randombattle-184561,simple_heuristic,max_power,1,17,2,4,3.224,6,0,0.0
battle-gen7randombattle-184562,simple_heuristic,max_power,0,33,6,0,0.0,4,1,0.56
battle-gen7randombattle-184563,simple_heuristic,max_power,1,12,2,4,3.599,6,0,0.0
battle-gen7randombattle-184564,simple_heuristic,max_power,1,18,4,2,0.227,6,0,0.0
battle-gen7randombattle-184565,simple_heuristic,max_power,0,29,6,0,0.0,5,1,0.66
battle-gen7randombattle-184566,simple_heuristic,max_power,1,78,5,1,0.393,6,0,0.0
battle-gen7randombattle-184567,simple_heuristic,max_power,1,17,1,5,4.498,6,0,0.0
battle-gen7randombattle-184568,simple_heuristic,max_power,1,14,1,5,4.148,6,0,0.0
battle-gen7randombattle-184569,simple_heuristic,max_power,1,21,5,1,1.0,6,0,0.0
battle-gen7randombattle-184570,simple_heuristic,max_power,1,17,3,3,3.0,6,0,0.0
battle-gen7randombattle-184571,simple_heuristic,max_power,1,17,3,3,2.395,6,0,0.0
battle-gen7randombattle-184572,simple_heuristic,max_power,1,17,3,3,2.43,6,0,0.0
battle-gen7randombattle-184573,simple_heuristic,max_power,1,16,1,5,4.249,6,0,0.0
battle-gen7randombattle-184574,simple_heuristic,max_power,1,18,1,5,3.559,6,0,0.0
battle-gen7randombattle-184575,simple_heuristic,max_power,1,12,2,4,2.95,6,0,0.0
battle-gen7randombattle-184576,simple_heuristic,max_power,1,12,2,4,4.0,6,0,0.0
battle-gen7randombattle-184577,simple_heuristic,max_power,1,29,4,2,1.654,6,0,0.0
battle-gen7randombattle-184578,simple_heuristic,max_power,0,25,6,0,0.0,5,1,0.55
battle-gen7randombattle-184579,simple_heuristic,max_power,1,16,2,4,3.726,6,0,0.0
battle-gen7randombattle-184580,simple_heuristic,max_power,1,27,5,1,0.795,6,0,0.0
battle-gen7randombattle-184581,simple_heuristic,max_power,1,19,5,1,0.423,6,0,0.0
battle-gen7randombattle-184582,simple_heuristic,max_power,1,19,4,2,1.142,6,0,0.0
battle-gen7randombattle-184583,simple_heuristic,max_power,1,19,1,5,4.098,6,0,0.0
battle-gen7randombattle-184584,simple_heuristic,max_power,1,20,2,4,3.359,6,0,0.0
battle-gen7randombattle-184585,simple_heuristic,max_power,1,20,4,2,1.059,6,0,0.0
battle-gen7randombattle-184586,simple_heuristic,max_power,1,12,3,3,2.784,6,0,0.0
battle-gen7randombattle-184587,simple_heuristic,max_power,0,33,6,0,0.0,3,1,0.89
battle-gen7randombattle-184588,simple_heuristic,max_power,1,13,3,3,2.238,6,0,0.0
battle-gen7randombattle-184589,simple_heuristic,max_power,1,12,3,3,2.734,6,0,0.0
battle-gen7randombattle-184590,simple_heuristic,max_power,1,15,1,5,2.892,6,0,0.0
battle-gen7randombattle-184591,simple_heuristic,max_power,1,30,2,4,3.534,6,0,0.0
battle-gen7randombattle-184592,simple_heuristic,max_power,1,19,1,5,3.703,6,0,0.0
battle-gen7randombattle-184593,simple_heuristic,max_power,1,18,5,1,1.0,6,0,0.0
battle-gen7randombattle-184594,simple_heuristic,max_power,1,13,1,5,5.0,6,0,0.0
battle-gen7randombattle-184595,simple_heuristic,max_power,1,32,4,2,1.243,6,0,0.0
battle-gen7randombattle-184596,simple_heuristic,max_power,1,17,2,4,3.181,6,0,0.0
battle-gen7randombattle-184597,simple_heuristic,max_power,0,19,6,0,0.0,4,1,0.08
battle-gen7randombattle-184598,simple_heuristic,max_power,1,16,3,3,2.39,6,0,0.0
battle-gen7randombattle-184599,simple_heuristic,max_power,1,16,3,3,2.741,6,0,0.0
battle-gen7randombattle-184600,simple_heuristic,max_power,1,14,1,5,5.0,6,0,0.0
battle-gen7randombattle-184601,simple_heuristic,max_power,1,16,3,3,2.542,6,0,0.0
battle-gen7randombattle-184602,simple_heuristic,max_power,1,19,4,2,0.855,6,0,0.0
battle-gen7randombattle-184603,simple_heuristic,max_power,1,17,2,4,4.0,6,0,0.0
battle-gen7randombattle-184604,simple_heuristic,max_power,1,26,4,2,1.879,6,0,0.0
battle-gen7randombattle-184605,simple_heuristic,max_power,1,13,2,4,3.512,6,0,0.0
battle-gen7randombattle-184606,simple_heuristic,max_power,1,20,3,3,2.637,6,0,0.0
battle-gen7randombattle-184607,simple_heuristic,max_power,1,18,5,1,1.0,6,0,0.0
battle-gen7randombattle-184608,simple_heuristic,max_power,1,17,2,4,3.444,6,0,0.0
battle-gen7randombattle-184609,simple_heuristic,max_power,0,19,6,0,0.0,5,1,0.38
battle-gen7randombattle-184610,simple_heuristic,max_power,1,27,5,1,0.23,6,0,0.0
battle-gen7randombattle-184611,simple_heuristic,max_power,1,15,1,5,4.631,6,0,0.0
battle-gen7randombattle-184612,simple_heuristic,max_power,1,17,4,2,1.302,6,0,0.0
battle-gen7randombattle-184613,simple_heuristic,max_power,1,11,2,4,3.197,6,0,0.0
battle-gen7randombattle-184614,simple_heuristic,max_power,1,13,2,4,3.842,6,0,0.0
battle-gen7randombattle-184615,simple_heuristic,max_power,1,19,3,3,3.0,6,0,0.0
battle-gen7randombattle-184616,simple_heuristic,max_power,1,24,1,5,4.031,6,0,0.0
battle-gen7randombattle-184617,simple_heuristic,max_power,1,22,3,3,1.61,6,0,0.0
battle-gen7randombattle-184618,simple_heuristic,max_power,1,16,4,2,2.0,6,0,0.0
battle-gen7randombattle-184619,simple_heuristic,max_power,1,11,1,5,4.642,6,0,0.0
battle-gen7randombattle-184620,simple_heuristic,max_power,1,15,2,4,4.0,6,0,0.0
battle-gen7randombattle-184621,simple_heuristic,max_power,1,21,2,4,3.067,6,0,0.0
battle-gen7randombattle-184622,simple_heuristic,max_power,1,15,3,3,2.78,6,0,0.0
battle-gen7randombattle-184623,simple_heuristic,max_power,1,27,2,4,3.335,6,0,0.0
battle-gen7randombattle-184624,simple_heuristic,max_power,1,27,5,1,1.0,6,0,0.0
battle-gen7randombattle-184625,simple_heuristic,max_power,1,24,4,2,1.557,6,0,0.0
battle-gen7randombattle-184626,simple_heuristic,max_power,1,16,5,1,1.0,6,0,0.0
battle-gen7randombattle-184627,simple_heuristic,max_power,1,20,5,1,0.991,6,0,0.0
battle-gen7randombattle-184628,simple_heuristic,max_power,1,18,5,1,1.0,6,0,0.0
battle-gen7randombattle-184629,simple_heuristic,max_power,1,82,3,3,2.506,6,0,0.0
battle-gen7randombattle-184630,simple_heuristic,max_power,0,26,6,0,0.0,2,1,0.52
battle-gen7randombattle-184631,simple_heuristic,max_power,1,17,2,4,3.711,6,0,0.0
battle-gen7randombattle-184632,simple_heuristic,max_power,1,19,3,3,2.743,6,0,0.0
battle-gen7randombattle-184633,simple_heuristic,max_power,1,12,2,4,4.0,6,0,0.0
battle-gen7randombattle-184634,simple_heuristic,max_power,1,18,3,3,2.314,6,0,0.0
battle-gen7randombattle-184635,simple_heuristic,max_power,1,21,2,4,3.074,6,0,0.0
battle-gen7randombattle-184636,simple_heuristic,max_power,1,18,1,5,5.0,6,0,0.0
battle-gen7randombattle-184637,simple_heuristic,max_power,1,19,4,2,1.704,6,0,0.0
battle-gen7randombattle-184638,simple_heuristic,max_power,1,14,3,3,3.0,6,0,0.0
battle-gen7randombattle-184639,simple_heuristic,max_power,1,14,2,4,3.331,6,0,0.0
battle-gen7randombattle-184640,simple_heuristic,max_power,1,15,3,3,2.657,6,0,0.0
battle-gen7randombattle-184641,simple_heuristic,max_power,1,14,3,3,2.17,6,0,0.0
battle-gen7randombattle-184642,simple_heuristic,max_power,1,17,2,4,3.165,6,0,0.0
battle-gen7randombattle-184643,simple_heuristic,max_power,0,15,6,0,0.0,4,1,1.0
battle-gen7randombattle-184644,simple_heuristic,max_power,1,15,1,5,3.759,6,0,0.0
battle-gen7randombattle-184645,simple_heuristic,max_power,1,18,5,1,0.454,6,0,0.0
battle-gen7randombattle-184646,simple_heuristic,max_power,1,22,2,4,3.425,6,0,0.0
battle-gen7randombattle-184647,simple_heuristic,max_power,1,17,3,3,3.0,6,0,0.0
battle-gen7randombattle-184648,simple_heuristic,max_power,1,16,2,4,4.0,6,0,0.0
battle-gen7randombattle-184649,simple_heuristic,max_power,1,21,4,2,1.663,6,0,0.0
battle-gen7randombattle-184650,simple_heuristic,max_power,1,13,3,3,2.576,6,0,0.0
battle-gen7randombattle-184651,simple_heuristic,max_power,1,21,3,3,2.471,6,0,0.0
battle-gen7randombattle-184652,simple_heuristic,max_power,1,17,3,3,2.608,6,0,0.0
battle-gen7randombattle-184653,simple_heuristic,max_power,1,21,5,1,0.598,6,0,0.0
battle-gen7randombattle-184654,simple_heuristic,max_power,1,25,1,5,4.646,6,0,0.0
battle-gen7randombattle-184655,simple_heuristic,max_power,1,14,3,3,2.301,6,0,0.0
battle-gen7randombattle-184656,simple_heuristic,max_power,1,13,4,2,1.563,6,0,0.0
battle-gen7randombattle-184657,simple_heuristic,max_power,1,21,5,1,0.216,6,0,0.0
battle-gen7randombattle-184658,simple_heuristic,max_power,1,14,2,4,3.578,6,0,0.0
battle-gen7randombattle-184659,simple_heuristic,max_power,1,12,3,3,2.457,6,0,0.0
battle-gen7randombattle-184660,simple_heuristic,max_power,1,15,3,3,2.733,6,0,0.0
battle-gen7randombattle-184661,simple_heuristic,max_power,1,17,1,5,4.092,6,0,0.0
battle-gen7randombattle-184662,simple_heuristic,max_power,1,15,1,5,4.231,6,0,0.0
battle-gen7randombattle-184663,simple_heuristic,max_power,1,18,3,3,1.682,6,0,0.0
battle-gen7randombattle-184664,simple_heuristic,max_power,1,20,4,2,1.933,6,0,0.0
battle-gen7randombattle-184665,simple_heuristic,max_power,1,31,3,3,2.838,6,0,0.0
battle-gen7randombattle-184666,simple_heuristic,max_power,1,21,5,1,0.892,6,0,0.0
battle-gen7randombattle-184667,simple_heuristic,max_power,1,18,3,3,2.712,6,0,0.0
battle-gen7randombattle-184668,simple_heuristic,max_power,1,21,4,2,1.141,6,0,0.0
battle-gen7randombattle-184669,simple_heuristic,max_power,1,20,5,1,0.443,6,0,0.0
battle-gen7randombattle-184670,simple_heuristic,max_power,1,16,2,4,3.239,6,0,0.0
battle-gen7randombattle-184671,simple_heuristic,max_power,1,27,1,5,4.838,6,0,0.0
battle-gen7randombattle-184672,simple_heuristic,max_power,1,15,2,4,2.646,6,0,0.0
battle-gen7randombattle-184673,simple_heuristic,max_power,1,21,2,4,3.944,6,0,0.0
battle-gen7randombattle-184674,simple_heuristic,max_power,1,24,5,1,1.0,6,0,0.0
battle-gen7randombattle-184675,simple_heuristic,max_power,1,16,2,4,4.0,6,0,0.0
battle-gen7randombattle-184676,simple_heuristic,max_power,1,17,3,3,2.586,6,0,0.0
battle-gen7randombattle-184677,simple_heuristic,max_power,1,9,0,6,5.57,6,0,0.0
battle-gen7randombattle-184678,simple_heuristic,max_power,1,18,3,3,3.0,6,0,0.0
battle-gen7randombattle-184679,simple_heuristic,max_power,1,19,4,2,1.799,6,0,0.0
battle-gen7randombattle-184680,simple_heuristic,max_power,1,15,2,4,3.708,6,0,0.0
battle-gen7randombattle-184681,simple_heuristic,max_power,1,16,3,3,3.0,6,0,0.0
battle-gen7randombattle-184682,simple_heuristic,max_power,1,18,1,5,4.527,6,0,0.0
battle-gen7randombattle-184683,simple_heuristic,max_power,1,12,4,2,1.68,6,0,0.0
battle-gen7randombattle-184684,simple_heuristic,max_power,1,16,4,2,1.387,6,0,0.0
battle-gen7randombattle-184685,simple_heuristic,max_power,1,17,2,4,4.0,6,0,0.0
battle-gen7randombattle-184686,simple_heuristic,max_power,1,19,5,1,0.294,6,0,0.0
battle-gen7randombattle-184687,simple_heuristic,max_power,1,18,4,2,2.0,6,0,0.0
battle-gen7randombattle-184688,simple_heuristic,max_power,1,13,2,4,3.26,6,0,0.0
battle-gen7randombattle-184689,simple_heuristic,max_power,1,18,4,2,1.337,6,0,0.0
battle-gen7randombattle-184690,simple_heuristic,max_power,1,24,5,1,1.0,6,0,0.0
battle-gen7randombattle-184691,simple_heuristic,max_power,1,16,3,3,2.131,6,0,0.0
battle-gen7randombattle-184692,simple_heuristic,max_power,1,20,4,2,1.106,6,0,0.0
battle-gen7randombattle-184693,simple_heuristic,max_power,0,13,6,0,0.0,2,1,0.67
battle-gen7randombattle-184694,simple_heuristic,max_power,1,14,3,3,2.571,6,0,0.0
battle-gen7randombattle-184695,simple_heuristic,max_power,1,15,1,5,3.812,6,0,0.0
battle-gen7randombattle-184696,simple_heuristic,max_power,1,23,4,2,1.488,6,0,0.0
battle-gen7randombattle-184697,simple_heuristic,max_power,1,22,4,2,1.51,6,0,0.0
battle-gen7randombattle-184698,simple_heuristic,max_power,1,12,2,4,3.317,6,0,0.0
battle-gen7randombattle-184699,simple_heuristic,max_power,1,14,3,3,2.812,6,0,0.0
battle-gen7randombattle-184700,simple_heuristic,max_power,1,17,2,4,3.347,6,0,0.0
battle-gen7randombattle-184701,simple_heuristic,max_power,1,12,3,3,2.461,6,0,0.0
battle-gen7randombattle-184702,simple_heuristic,max_power,1,22,4,2,1.831,6,0,0.0
battle-gen7randombattle-184703,simple_heuristic,max_power,1,14,5,1,1.0,6,0,0.0
battle-gen7randombattle-184704,simple_heuristic,max_power,1,21,1,5,3.657,6,0,0.0
battle-gen7randombattle-184705,simple_heuristic,max_power,0,20,6,0,0.0,3,1,0.52
battle-gen7randombattle-184706,simple_heuristic,max_power,1,18,5,1,0.901,6,0,0.0
battle-gen7randombattle-184707,simple_heuristic,max_power,1,12,5,1,1.0,6,0,0.0
battle-gen7randombattle-184708,simple_heuristic,max_power,1,18,1,5,3.37,6,0,0.0
battle-gen7randombattle-184709,simple_heuristic,max_power,1,24,5,1,0.078,6,0,0.0
battle-gen7randombattle-184710,simple_heuristic,max_power,1,16,1,5,4.94,6,0,0.0
battle-gen7randombattle-184711,simple_heuristic,max_power,1,11,1,5,4.02,6,0,0.0
battle-gen7randombattle-184712,simple_heuristic,max_power,1,29,3,3,1.319,6,0,0.0
battle-gen7randombattle-184713,simple_heuristic,max_power,0,18,6,0,0.0,4,1,0.65
battle-gen7randombattle-184714,simple_heuristic,max_power,1,17,5,1,1.0,6,0,0.0
battle-gen7randombattle-184715,simple_heuristic,max_power,1,47,5,1,0.718,6,0,0.0
battle-gen7randombattle-184716,simple_heuristic,max_power,1,15,1,5,4.276,6,0,0.0
battle-gen7randombattle-184717,simple_heuristic,max_power,1,17,3,3,2.747,6,0,0.0
battle-gen7randombattle-184718,simple_heuristic,max_power,1,21,2,4,2.301,6,0,0.0
battle-gen7randombattle-184719,simple_heuristic,max_power,1,18,5,1,1.0,6,0,0.0
battle-gen7randombattle-184720,simple_heuristic,max_power,1,18,2,4,3.263,6,0,0.0
battle-gen7randombattle-184721,simple_heuristic,max_power,1,16,3,3,2.607,6,0,0.0
battle-gen7randombattle-184722,simple_heuristic,max_power,1,17,2,4,3.533,6,0,0.0
battle-gen7randombattle-184723,simple_heuristic,max_power,1,14,3,3,2.357,6,0,0.0
battle-gen7randombattle-184724,simple_heuristic,max_power,0,23,6,0,0.0,5,1,0.14
battle-gen7randombattle-184725,simple_heuristic,max_power,1,25,5,1,1.0,6,0,0.0
battle-gen7randombattle-184726,simple_heuristic,max_power,1,20,3,3,2.495,6,0,0.0
battle-gen7randombattle-184727,simple_heuristic,max_power,1,21,5,1,0.754,6,0,0.0
battle-gen7randombattle-184728,simple_heuristic,max_power,1,17,2,4,1.89,6,0,0.0
battle-gen7randombattle-184729,simple_heuristic,max_power,1,14,2,4,3.8,6,0,0.0
battle-gen7randombattle-184730,simple_heuristic,max_power,1,17,3,3,2.032,6,0,0.0
battle-gen7randombattle-184731,simple_heuristic,max_power,1,24,2,4,3.26,6,0,0.0
battle-gen7randombattle-184732,simple_heuristic,max_power,0,12,6,0,0.0,3,1,0.13
battle-gen7randombattle-184733,simple_heuristic,max_power,1,13,2,4,3.513,6,0,0.0
battle-gen7randombattle-184734,simple_heuristic,max_power,1,24,2,4,3.606,6,0,0.0
battle-gen7randombattle-184735,simple_heuristic,max_power,1,17,3,3,3.0,6,0,0.0
battle-gen7randombattle-184736,simple_heuristic,max_power,0,19,6,0,0.0,4,2,1.34
battle-gen7randombattle-184737,simple_heuristic,max_power,1,16,3,3,2.358,6,0,0.0
battle-gen7randombattle-184738,simple_heuristic,max_power,1,19,2,4,3.707,6,0,0.0
battle-gen7randombattle-184739,simple_heuristic,max_power,1,11,1,5,4.278,6,0,0.0
battle-gen7randombattle-184740,simple_heuristic,max_power,1,17,4,2,1.179,6,0,0.0
battle-gen7randombattle-184741,simple_heuristic,max_power,1,22,3,3,2.832,6,0,0.0
battle-gen7randombattle-184742,simple_heuristic,max_power,0,13,6,0,0.0,5,0,0.0
battle-gen7randombattle-184743,simple_heuristic,max_power,1,18,4,2,1.226,6,0,0.0
battle-gen7randombattle-184744,simple_heuristic,max_power,1,16,3,3,2.504,6,0,0.0
battle-gen7randombattle-184745,simple_heuristic,max_power,1,17,2,4,3.583,6,0,0.0
battle-gen7randombattle-184746,simple_heuristic,max_power,1,17,3,3,2.456,6,0,0.0
battle-gen7randombattle-184747,simple_heuristic,max_power,1,15,3,3,2.637,6,0,0.0
battle-gen7randombattle-184748,simple_heuristic,max_power,1,13,3,3,3.0,6,0,0.0
battle-gen7randombattle-184749,simple_heuristic,max_power,1,19,4,2,1.483,6,0,0.0
battle-gen7randombattle-184750,simple_heuristic,max_power,1,16,3,3,3.0,6,0,0.0
battle-gen7randombattle-184751,simple_heuristic,max_power,1,14,2,4,3.104,6,0,0.0
battle-gen7randombattle-184752,simple_heuristic,max_power,1,16,4,2,1.098,6,0,0.0
battle-gen7randombattle-184753,simple_heuristic,max_power,1,48,4,2,0.84,6,0,0.0
battle-gen7randombattle-184754,simple_heuristic,max_power,1,11,2,4,3.301,6,0,0.0
battle-gen7randombattle-184755,simple_heuristic,max_power,1,16,5,1,0.557,6,0,0.0
battle-gen7randombattle-184756,simple_heuristic,max_power,1,20,2,4,3.469,6,0,0.0
battle-gen7randombattle-184757,simple_heuristic,max_power,1,14,2,4,4.0,6,0,0.0
battle-gen7randombattle-184758,simple_heuristic,max_power,1,15,4,2,1.9,6,0,0.0
battle-gen7randombattle-184759,simple_heuristic,max_power,1,19,4,2,1.225,6,0,0.0
battle-gen7randombattle-184760,simple_heuristic,max_power,1,18,4,2,1.735,6,0,0.0
battle-gen7randombattle-184761,simple_heuristic,max_power,1,14,1,5,3.216,6,0,0.0
battle-gen7randombattle-184762,simple_heuristic,max_power,1,26,5,1,0.438,6,0,0.0
battle-gen7randombattle-184763,simple_heuristic,max_power,1,13,3,3,2.293,6,0,0.0
battle-gen7randombattle-184764,simple_heuristic,max_power,1,24,5,1,0.476,6,0,0.0
battle-gen7randombattle-184765,simple_heuristic,max_power,1,22,2,4,3.212,6,0,0.0
battle-gen7randombattle-184766,simple_heuristic,max_power,1,15,2,4,3.01,6,0,0.0
battle-gen7randombattle-184767,simple_heuristic,max_power,1,18,4,2,2.0,6,0,0.0
battle-gen7randombattle-184768,simple_heuristic,max_power,1,19,1,5,4.088,6,0,0.0
battle-gen7randombattle-184769,simple_heuristic,max_power,1,21,5,1,0.119,6,0,0.0
battle-gen7randombattle-184770,simple_heuristic,max_power,1,35,4,2,1.774,6,0,0.0
battle-gen7randombattle-184771,simple_heuristic,max_power,1,12,2,4,3.272,6,0,0.0
battle-gen7randombattle-184772,simple_heuristic,max_power,1,49,2,4,3.344,6,0,0.0
battle-gen7randombattle-184773,simple_heuristic,max_power,1,32,3,3,2.087,6,0,0.0
battle-gen7randombattle-184774,simple_heuristic,max_power,1,16,5,1,0.617,6,0,0.0
battle-gen7randombattle-184775,simple_heuristic,max_power,1,16,3,3,2.786,6,0,0.0
battle-gen7randombattle-184776,simple_heuristic,max_power,1,18,1,5,3.46,6,0,0.0
battle-gen7randombattle-184777,simple_heuristic,max_power,1,30,3,3,2.004,6,0,0.0
battle-gen7randombattle-184778,simple_heuristic,max_power,1,17,3,3,1.979,6,0,0.0
battle-gen7randombattle-184779,simple_heuristic,max_power,1,16,2,4,2.933,6,0,0.0
battle-gen7randombattle-184780,simple_heuristic,max_power,1,13,1,5,3.895,6,0,0.0
battle-gen7randombattle-184781,simple_heuristic,max_power,1,22,2,4,4.0,6,0,0.0
battle-gen7randombattle-184782,simple_heuristic,max_power,1,17,4,2,1.472,6,0,0.0
battle-gen7randombattle-184783,simple_heuristic,max_power,1,17,2,4,3.305,6,0,0.0
battle-gen7randombattle-184784,simple_heuristic,max_power,1,16,3,3,2.294,6,0,0.0
battle-gen7randombattle-184785,simple_heuristic,max_power,1,12,1,5,3.492,6,0,0.0
battle-gen7randombattle-184786,simple_heuristic,max_power,1,14,2,4,3.507,6,0,0.0
battle-gen7randombattle-184787,simple_heuristic,max_power,1,20,5,1,0.129,6,0,0.0
battle-gen7randombattle-184788,simple_heuristic,max_power,1,20,1,5,4.844,6,0,0.0
battle-gen7randombattle-184539,simple_heuristic,max_power,1,11,2,4,3.33,6,0,0.0
battle-gen7randombattle-184540,simple_heuristic,max_power,1,22,3,3,2.2,6,0,0.0
battle-gen7randombattle-184541,simple_heuristic,max_power,1,19,3,3,2.163,6,0,0.0
battle-gen7randombattle-184542,simple_heuristic,max_power,1,23,3,3,2.276,6,0,0.0
battle-gen7randombattle-184543,simple_heuristic,max_power,0,15,6,0,0.0,5,1,1.0
battle-gen7randombattle-184544,simple_heuristic,max_power,1,23,3,3,1.924,6,0,0.0
battle-gen7randombattle-184545,simple_heuristic,max_power,0,77,6,0,0.0,5,1,0.11
battle-gen7randombattle-184546,simple_heuristic,max_power,1,18,5,1,0.085,6,0,0.0
battle-gen7randombattle-184547,simple_heuristic,max_power,1,16,4,2,1.283,6,0,0.0
battle-gen7randombattle-184548,simple_heuristic,max_power,1,34,2,4,3.861,6,0,0.0
battle-gen7randombattle-184549,simple_heuristic,max_power,0,17,6,0,0.0,4,1,0.66
battle-gen7randombattle-184550,simple_heuristic,max_power,1,17,4,2,2.0,6,0,0.0
battle-gen7randombattle-184551,simple_heuristic,max_power,1,24,4,2,1.003,6,0,0.0
battle-gen7randombattle-184552,simple_heuristic,max_power,1,17,4,2,2.0,6,0,0.0
battle-gen7randombattle-184553,simple_heuristic,max_power,1,35,3,3,2.48,6,0,0.0
battle-gen7randombattle-184554,simple_heuristic,max_power,1,17,2,4,3.709,6,0,0.0
battle-gen7randombattle-184555,simple_heuristic,max_power,1,16,3,3,3.0,6,0,0.0
battle-gen7randombattle-184556,simple_heuristic,max_power,1,11,1,5,4.724,6,0,0.0
battle-gen7randombattle-184557,simple_heuristic,max_power,1,21,5,1,0.219,6,0,0.0
battle-gen7randombattle-184558,simple_heuristic,max_power,1,34,2,4,3.277,6,0,0.0
battle-gen7randombattle-184559,simple_heuristic,max_power,1,34,3,3,2.143,6,0,0.0
battle-gen7randombattle-184560,simple_heuristic,max_power,1,15,2,4,3.29,6,0,0.0
battle-gen7randombattle-184561,simple_heuristic,max_power,0,16,6,0,0.0,5,1,0.54
battle-gen7randombattle-184562,simple_heuristic,max_power,1,58,3,3,3.0,6,0,0.0
battle-gen7randombattle-184563,simple_heuristic,max_power,1,17,1,5,4.028,6,0,0.0
battle-gen7randombattle-184564,simple_heuristic,max_power,1,23,4,2,1.594,6,0,0.0
battle-gen7randombattle-184565,simple_heuristic,max_power,1,16,3,3,2.511,6,0,0.0
battle-gen7randombattle-184566,simple_heuristic,max_power,1,19,2,4,3.168,6,0,0.0
battle-gen7randombattle-184567,simple_heuristic,max_power,1,16,3,3,2.044,6,0,0.0
battle-gen7randombattle-184568,simple_heuristic,max_power,1,12,0,6,5.83,6,0,0.0
battle-gen7randombattle-184569,simple_heuristic,max_power,0,23,6,0,0.0,4,1,0.48
battle-gen7randombattle-184570,simple_heuristic,max_power,1,16,4,2,1.643,6,0,0.0
battle-gen7randombattle-184571,simple_heuristic,max_power,1,33,4,2,1.414,6,0,0.0
battle-gen7randombattle-184572,simple_heuristic,max_power,1,28,2,4,3.663,6,0,0.0
battle-gen7randombattle-184573,simple_heuristic,max_power,1,10,1,5,4.473,6,0,0.0
battle-gen7randombattle-184574,simple_heuristic,max_power,1,25,3,3,2.241,6,0,0.0
battle-gen7randombattle-184575,simple_heuristic,max_power,1,22,5,1,0.23,6,0,0.0
battle-gen7randombattle-184576,simple_heuristic,max_power,1,15,3,3,2.485,6,0,0.0
battle-gen7randombattle-184577,simple_heuristic,max_power,1,18,4,2,2.0,6,0,0.0
battle-gen7randombattle-184578,simple_heuristic,max_power,1,11,2,4,4.0,6,0,0.0
battle-gen7randombattle-184579,simple_heuristic,max_power,1,15,1,5,4.94,6,0,0.0
battle-gen7randombattle-184580,simple_heuristic,max_power,1,16,2,4,3.447,6,0,0.0
battle-gen7randombattle-184581,simple_heuristic,max_power,1,60,3,3,2.917,6,0,0.0
battle-gen7randombattle-184582,simple_heuristic,max_power,1,15,3,3,3.0,6,0,0.0
battle-gen7randombattle-184583,simple_heuristic,max_power,1,12,2,4,3.793,6,0,0.0
battle-gen7randombattle-184584,simple_heuristic,max_power,1,12,1,5,4.873,6,0,0.0
battle-gen7randombattle-184585,simple_heuristic,max_power,1,21,2,4,3.509,6,0,0.0
battle-gen7randombattle-184586,simple_heuristic,max_power,1,29,3,3,1.875,6,0,0.0
battle-gen7randombattle-184587,simple_heuristic,max_power,1,19,4,2,1.218,6,0,0.0
battle-gen7randombattle-184588,simple_heuristic,max_power,1,20,4,2,1.03,6,0,0.0
battle-gen7randombattle-184589,simple_heuristic,max_power,1,19,3,3,1.943,6,0,0.0
battle-gen7randombattle-184590,simple_heuristic,max_power,1,30,5,1,1.0,6,0,0.0
battle-gen7randombattle-184591,simple_heuristic,max_power,1,12,0,6,6.0,6,0,0.0
battle-gen7randombattle-184592,simple_heuristic,max_power,1,17,5,1,0.165,6,0,0.0
battle-gen7randombattle-184593,simple_heuristic,max_power,1,17,4,2,1.701,6,0,0.0
battle-gen7randombattle-184594,simple_heuristic,max_power,1,18,4,2,1.424,6,0,0.0
battle-gen7randombattle-184595,simple_heuristic,max_power,1,14,4,2,1.756,6,0,0.0
battle-gen7randombattle-184596,simple_heuristic,max_power,1,12,2,4,3.232,6,0,0.0
battle-gen7randombattle-184597,simple_heuristic,max_power,1,17,3,3,1.859,6,0,0.0
battle-gen7randombattle-184598,simple_heuristic,max_power,1,18,3,3,2.904,6,0,0.0
battle-gen7randombattle-184599,simple_heuristic,max_power,1,24,3,3,3.0,6,0,0.0
battle-gen7randombattle-184600,simple_heuristic,max_power,1,21,4,2,1.33,6,0,0.0
battle-gen7randombattle-184601,simple_heuristic,max_power,1,20,1,5,4.259,6,0,0.0
battle-gen7randombattle-184602,simple_heuristic,max_power,1,14,2,4,4.0,6,0,0.0
battle-gen7randombattle-184603,simple_heuristic,max_power,1,17,2,4,3.902,6,0,0.0
battle-gen7randombattle-184604,simple_heuristic,max_power,1,16,3,3,2.805,6,0,0.0
battle-gen7randombattle-184605,simple_heuristic,max_power,1,15,2,4,3.367,6,0,0.0
battle-gen7randombattle-184606,simple_heuristic,max_power,1,28,2,4,3.807,6,0,0.0
battle-gen7randombattle-184607,simple_heuristic,max_power,0,15,6,0,0.0,5,1,0.19
battle-gen7randombattle-184608,simple_heuristic,max_power,1,20,4,2,1.039,6,0,0.0
battle-gen7randombattle-184609,simple_heuristic,max_power,1,19,2,4,3.418,6,0,0.0
battle-gen7randombattle-184610,simple_heuristic,max_power,1,26,4,2,1.025,6,0,0.0
battle-gen7randombattle-184611,simple_heuristic,max_power,1,19,5,1,0.593,6,0,0.0
battle-gen7randombattle-184612,simple_heuristic,max_power,1,14,4,2,1.173,6,0,0.0
battle-gen7randombattle-184613,simple_heuristic,max_power,0,26,6,0,0.0,5,1,0.76
battle-gen7randombattle-184614,simple_heuristic,max_power,1,18,2,4,3.835,6,0,0.0
battle-gen7randombattle-184615,simple_heuristic,max_power,1,12,1,5,4.214,6,0,0.0
battle-gen7randombattle-184616,simple_heuristic,max_power,1,15,4,2,1.398,6,0,0.0
battle-gen7randombattle-184617,simple_heuristic,max_power,1,24,3,3,2.871,6,0,0.0
battle-gen7randombattle-184618,simple_heuristic,max_power,1,25,3,3,2.32,6,0,0.0
battle-gen7randombattle-184619,simple_heuristic,max_power,1,17,4,2,1.672,6,0,0.0
battle-gen7randombattle-184620,simple_heuristic,max_power,1,14,3,3,2.408,6,0,0.0
battle-gen7randombattle-184621,simple_heuristic,max_power,1,19,3,3,2.056,6,0,0.0
battle-gen7randombattle-184622,simple_heuristic,max_power,1,20,3,3,3.0,6,0,0.0
battle-gen7randombattle-184623,simple_heuristic,max_power,1,25,1,5,4.831,6,0,0.0
battle-gen7randombattle-184624,simple_heuristic,max_power,1,20,3,3,2.668,6,0,0.0
battle-gen7randombattle-184625,simple_heuristic,max_power,1,22,4,2,1.526,6,0,0.0
battle-gen7randombattle-184626,simple_heuristic,max_power,0,13,6,0,0.0,4,1,0.88
battle-gen7randombattle-184627,simple_heuristic,max_power,0,30,6,0,0.0,3,1,0.38
battle-gen7randombattle-184628,simple_heuristic,max_power,1,19,2,4,3.454,6,0,0.0
battle-gen7randombattle-184629,simple_heuristic,max_power,1,10,2,4,3.901,6,0,0.0
battle-gen7randombattle-184630,simple_heuristic,max_power,1,13,3,3,2.864,6,0,0.0
battle-gen7randombattle-184631,simple_heuristic,max_power,1,21,2,4,3.279,6,0,0.0
battle-gen7randombattle-184632,simple_heuristic,max_power,1,20,3,3,2.5,6,0,0.0
battle-gen7randombattle-184633,simple_heuristic,max_power,1,20,4,2,0.538,6,0,0.0
battle-gen7randombattle-184634,simple_heuristic,max_power,0,18,6,0,0.0,5,1,0.4
battle-gen7randombattle-184635,simple_heuristic,max_power,1,18,1,5,4.227,6,0,0.0
battle-gen7randombattle-184636,simple_heuristic,max_power,1,11,0,6,6.0,6,0,0.0
battle-gen7randombattle-184637,simple_heuristic,max_power,1,17,4,2,1.839,6,0,0.0
battle-gen7randombattle-184638,simple_heuristic,max_power,1,14,2,4,3.153,6,0,0.0
battle-gen7randombattle-184639,simple_heuristic,max_power,1,21,5,1,0.672,6,0,0.0
battle-gen7randombattle-184640,simple_heuristic,max_power,1,50,1,5,3.609,6,0,0.0
battle-gen7randombattle-184641,simple_heuristic,max_power,1,12,2,4,3.654,6,0,0.0
battle-gen7randombattle-184642,simple_heuristic,max_power,1,18,3,3,2.314,6,0,0.0
battle-gen7randombattle-184643,simple_heuristic,max_power,1,21,1,5,4.574,6,0,0.0
battle-gen7randombattle-184644,simple_heuristic,max_power,1,26,3,3,2.369,6,0,0.0
battle-gen7randombattle-184645,simple_heuristic,max_power,1,29,1,5,4.88,6,0,0.0
battle-gen7randombattle-184646,simple_heuristic,max_power,1,19,2,4,3.679,6,0,0.0
battle-gen7randombattle-184647,simple_heuristic,max_power,1,13,2,4,3.9,6,0,0.0
battle-gen7randombattle-184648,simple_heuristic,max_power,0,16,6,0,0.0,3,1,0.77
battle-gen7randombattle-184649,simple_heuristic,max_power,1,21,2,4,3.746,6,0,0.0
battle-gen7randombattle-184650,simple_heuristic,max_power,1,19,5,1,0.237,6,0,0.0
battle-gen7randombattle-184651,simple_heuristic,max_power,1,21,2,4,3.738,6,0,0.0
battle-gen7randombattle-184652,simple_heuristic,max_power,1,21,3,3,2.696,6,0,0.0
battle-gen7randombattle-184653,simple_heuristic,max_power,0,107,6,0,0.0,3,1,0.6
battle-gen7randombattle-184654,simple_heuristic,max_power,1,19,4,2,1.512,6,0,0.0
battle-gen7randombattle-184655,simple_heuristic,max_power,1,16,4,2,1.106,6,0,0.0
battle-gen7randombattle-184656,simple_heuristic,max_power,1,10,2,4,3.063,6,0,0.0
battle-gen7randombattle-184657,simple_heuristic,max_power,1,18,5,1,0.004,6,0,0.0
battle-gen7randombattle-184658,simple_heuristic,max_power,0,17,6,0,0.0,5,1,0.56
battle-gen7randombattle-184659,simple_heuristic,max_power,1,32,1,5,3.73,6,0,0.0
battle-gen7randombattle-184660,simple_heuristic,max_power,1,23,4,2,1.112,6,0,0.0
battle-gen7randombattle-184661,simple_heuristic,max_power,1,17,2,4,2.987,6,0,0.0
battle-gen7randombattle-184662,simple_heuristic,max_power,1,17,5,1,0.49,6,0,0.0
battle-gen7randombattle-184663,simple_heuristic,max_power,1,14,3,3,2.275,6,0,0.0
battle-gen7randombattle-184664,simple_heuristic,max_power,1,20,2,4,3.933,6,0,0.0
battle-gen7randombattle-184665,simple_heuristic,max_power,1,20,3,3,2.591,6,0,0.0
battle-gen7randombattle-184666,simple_heuristic,max_power,1,22,4,2,1.077,6,0,0.0
battle-gen7randombattle-184667,simple_heuristic,max_power,1,18,2,4,3.19,6,0,0.0
battle-gen7randombattle-184668,simple_heuristic,max_power,1,17,2,4,3.394,6,0,0.0
battle-gen7randombattle-184669,simple_heuristic,max_power,1,20,5,1,0.867,6,0,0.0
battle-gen7randombattle-184670,simple_heuristic,max_power,0,13,6,0,0.0,2,1,0.43
battle-gen7randombattle-184671,simple_heuristic,max_power,1,22,3,3,2.699,6,0,0.0
battle-gen7randombattle-184672,simple_heuristic,max_power,1,17,5,1,0.295,6,0,0.0
battle-gen7randombattle-184673,simple_heuristic,max_power,1,16,3,3,2.151,6,0,0.0
battle-gen7randombattle-184674,simple_heuristic,max_power,1,14,3,3,2.584,6,0,0.0
battle-gen7randombattle-184675,simple_heuristic,max_power,1,20,2,4,3.062,6,0,0.0
battle-gen7randombattle-184676,simple_heuristic,max_power,1,39,3,3,2.528,6,0,0.0
battle-gen7randombattle-184677,simple_heuristic,max_power,0,15,6,0,0.0,4,1,0.07
battle-gen7randombattle-184678,simple_heuristic,max_power,1,13,3,3,2.449,6,0,0.0
battle-gen7randombattle-184679,simple_heuristic,max_power,0,23,6,0,0.0,5,1,0.34
battle-gen7randombattle-184680,simple_heuristic,max_power,1,15,2,4,4.0,6,0,0.0
battle-gen7randombattle-184681,simple_heuristic,max_power,1,20,2,4,2.698,6,0,0.0
battle-gen7randombattle-184682,simple_heuristic,max_power,1,19,3,3,3.0,6,0,0.0
battle-gen7randombattle-184683,simple_heuristic,max_power,1,20,3,3,2.666,6,0,0.0
battle-gen7randombattle-184684,simple_heuristic,max_power,1,17,2,4,3.695,6,0,0.0
battle-gen7randombattle-184685,simple_heuristic,max_power,1,17,3,3,3.0,6,0,0.0
battle-gen7randombattle-184686,simple_heuristic,max_power,0,17,6,0,0.0,5,1,0.94
battle-gen7randombattle-184687,simple_heuristic,max_power,1,16,5,1,0.818,6,0,0.0
battle-gen7randombattle-184688,simple_heuristic,max_power,1,23,1,5,5.0,6,0,0.0
battle-gen7randombattle-184689,simple_heuristic,max_power,1,18,3,3,1.689,6,0,0.0
battle-gen7randombattle-184690,simple_heuristic,max_power,1,30,3,3,2.206,6,0,0.0
battle-gen7randombattle-184691,simple_heuristic,max_power,1,24,2,4,3.102,6,0,0.0
battle-gen7randombattle-184692,simple_heuristic,max_power,1,23,4,2,1.333,6,0,0.0
battle-gen7randombattle-184693,simple_heuristic,max_power,0,19,6,0,0.0,3,1,0.23
battle-gen7randombattle-184694,simple_heuristic,max_power,1,18,4,2,2.0,6,0,0.0
battle-gen7randombattle-184695,simple_heuristic,max_power,1,18,3,3,2.9,6,0,0.0
battle-gen7randombattle-184696,simple_heuristic,max_power,1,22,3,3,3.0,6,0,0.0
battle-gen7randombattle-184697,simple_heuristic,max_power,1,26,5,1,0.596,6,0,0.0
battle-gen7randombattle-184698,simple_heuristic,max_power,1,37,1,5,5.0,6,0,0.0
battle-gen7randombattle-184699,simple_heuristic,max_power,1,26,4,2,1.705,6,0,0.0
battle-gen7randombattle-184700,simple_heuristic,max_power,1,11,1,5,5.0,6,0,0.0
battle-gen7randombattle-184701,simple_heuristic,max_power,1,14,3,3,2.372,6,0,0.0
battle-gen7randombattle-184702,simple_heuristic,max_power,1,14,3,3,2.484,6,0,0.0
battle-gen7randombattle-184703,simple_heuristic,max_power,1,16,3,3,2.375,6,0,0.0
battle-gen7randombattle-184704,simple_heuristic,max_power,1,17,4,2,1.428,6,0,0.0
battle-gen7randombattle-184705,simple_heuristic,max_power,1,23,5,1,1.0,6,0,0.0
battle-gen7randombattle-184706,simple_heuristic,max_power,1,11,0,6,5.434,6,0,0.0
battle-gen7randombattle-184707,simple_heuristic,max_power,1,15,4,2,1.405,6,0,0.0
battle-gen7randombattle-184708,simple_heuristic,max_power,1,21,2,4,3.193,6,0,0.0
battle-gen7randombattle-184709,simple_heuristic,max_power,1,13,2,4,3.233,6,0,0.0
battle-gen7randombattle-184710,simple_heuristic,max_power,1,17,4,2,1.236,6,0,0.0
battle-gen7randombattle-184711,simple_heuristic,max_power,1,27,5,1,0.316,6,0,0.0
battle-gen7randombattle-184712,simple_heuristic,max_power,1,16,4,2,1.125,6,0,0.0
battle-gen7randombattle-184713,simple_heuristic,max_power,1,16,5,1,0.62,6,0,0.0
battle-gen7randombattle-184714,simple_heuristic,max_power,1,18,2,4,3.371,6,0,0.0
battle-gen7randombattle-184715,simple_heuristic,max_power,1,18,4,2,2.0,6,0,0.0
battle-gen7randombattle-184716,simple_heuristic,max_power,1,17,5,1,0.676,6,0,0.0
battle-gen7randombattle-184717,simple_heuristic,max_power,1,24,3,3,3.0,6,0,0.0
battle-gen7randombattle-184718,simple_heuristic,max_power,1,13,1,5,4.901,6,0,0.0
battle-gen7randombattle-184719,simple_heuristic,max_power,1,13,3,3,2.306,6,0,0.0
battle-gen7randombattle-184720,simple_heuristic,max_power,1,19,3,3,2.071,6,0,0.0
battle-gen7randombattle-184721,simple_heuristic,max_power,1,22,2,4,3.126,6,0,0.0
battle-gen7randombattle-184722,simple_heuristic,max_power,0,21,6,0,0.0,5,1,0.71
battle-gen7randombattle-184723,simple_heuristic,max_power,1,10,1,5,3.594,6,0,0.0
battle-gen7randombattle-184724,simple_heuristic,max_power,1,15,3,3,3.0,6,0,0.0
battle-gen7randombattle-184725,simple_heuristic,max_power,1,26,5,1,0.644,6,0,0.0
battle-gen7randombattle-184726,simple_heuristic,max_power,1,20,4,2,2.0,6,0,0.0
battle-gen7randombattle-184727,simple_heuristic,max_power,1,18,5,1,1.0,6,0,0.0
battle-gen7randombattle-184728,simple_heuristic,max_power,0,27,6,0,0.0,5,1,0.71
battle-gen7randombattle-184729,simple_heuristic,max_power,1,24,4,2,1.267,6,0,0.0
battle-gen7randombattle-184730,simple_heuristic,max_power,0,16,6,0,0.0,4,1,0.93
battle-gen7randombattle-184731,simple_heuristic,max_power,1,17,4,2,1.882,6,0,0.0
battle-gen7randombattle-184732,simple_heuristic,max_power,1,21,4,2,1.629,6,0,0.0
battle-gen7randombattle-184733,simple_heuristic,max_power,1,19,3,3,2.811,6,0,0.0
battle-gen7randombattle-184734,simple_heuristic,max_power,1,28,5,1,0.868,6,0,0.0
battle-gen7randombattle-184735,simple_heuristic,max_power,0,24,6,0,0.0,5,1,0.62
battle-gen7randombattle-184736,simple_heuristic,max_power,0,14,6,0,0.0,5,1,0.11
battle-gen7randombattle-184737,simple_heuristic,max_power,1,13,3,3,3.0,6,0,0.0
battle-gen7randombattle-184738,simple_heuristic,max_power,1,14,3,3,2.403,6,0,0.0
battle-gen7randombattle-184739,simple_heuristic,max_power,1,19,2,4,3.014,6,0,0.0
battle-gen7randombattle-184740,simple_heuristic,max_power,1,38,1,5,4.112,6,0,0.0
battle-gen7randombattle-184741,simple_heuristic,max_power,1,34,5,1,0.623,6,0,0.0
battle-gen7randombattle-184742,simple_heuristic,max_power,0,17,6,0,0.0,5,1,1.0
battle-gen7randombattle-184743,simple_heuristic,max_power,1,18,2,4,3.017,6,0,0.0
battle-gen7randombattle-184744,simple_heuristic,max_power,1,19,4,2,2.0,6,0,0.0
battle-gen7randombattle-184745,simple_heuristic,max_power,0,25,6,0,0.0,5,1,1.0
battle-gen7randombattle-184746,simple_heuristic,max_power,1,17,2,4,3.678,6,0,0.0
battle-gen7randombattle-184747,simple_heuristic,max_power,1,27,3,3,2.252,6,0,0.0
battle-gen7randombattle-184748,simple_heuristic,max_power,1,22,4,2,1.252,6,0,0.0
battle-gen7randombattle-184749,simple_heuristic,max_power,1,13,2,4,4.0,6,0,0.0
battle-gen7randombattle-184750,simple_heuristic,max_power,1,18,4,2,1.664,6,0,0.0
battle-gen7randombattle-184751,simple_heuristic,max_power,1,20,1,5,4.516,6,0,0.0
battle-gen7randombattle-184752,simple_heuristic,max_power,1,21,5,1,0.474,6,0,0.0
battle-gen7randombattle-184753,simple_heuristic,max_power,1,47,2,4,3.109,6,0,0.0
battle-gen7randombattle-184754,simple_heuristic,max_power,0,21,6,0,0.0,5,1,0.05
battle-gen7randombattle-184755,simple_heuristic,max_power,1,17,5,1,0.551,6,0,0.0
battle-gen7randombattle-184756,simple_heuristic,max_power,1,9,0,6,5.415,6,0,0.0
battle-gen7randombattle-184757,simple_heuristic,max_power,1,43,3,3,2.545,6,0,0.0
battle-gen7randombattle-184758,simple_heuristic,max_power,1,15,1,5,4.089,6,0,0.0
battle-gen7randombattle-184759,simple_heuristic,max_power,1,19,4,2,1.837,6,0,0.0
battle-gen7randombattle-184760,simple_heuristic,max_power,1,15,4,2,1.892,6,0,0.0
battle-gen7randombattle-184761,simple_heuristic,max_power,1,21,4,2,1.789,6,0,0.0
battle-gen7randombattle-184762,simple_heuristic,max_power,0,24,6,0,0.0,0,1,0.27
battle-gen7randombattle-184763,simple_heuristic,max_power,1,19,4,2,2.0,6,0,0.0
battle-gen7randombattle-184764,simple_heuristic,max_power,1,20,2,4,3.321,6,0,0.0
battle-gen7randombattle-184765,simple_heuristic,max_power,1,29,3,3,2.723,6,0,0.0
battle-gen7randombattle-184766,simple_heuristic,max_power,1,14,2,4,4.0,6,0,0.0
battle-gen7randombattle-184767,simple_heuristic,max_power,1,18,5,1,1.0,6,0,0.0
battle-gen7randombattle-184768,simple_heuristic,max_power,1,17,3,3,2.768,6,0,0.0
battle-gen7randombattle-184769,simple_heuristic,max_power,1,17,1,5,4.259,6,0,0.0
battle-gen7randombattle-184770,simple_heuristic,max_power,1,20,4,2,1.05,6,0,0.0
battle-gen7randombattle-184771,simple_heuristic,max_power,0,17,6,0,0.0,5,1,0.5
battle-gen7randombattle-184772,simple_heuristic,max_power,0,19,6,0,0.0,3,1,0.53
battle-gen7randombattle-184773,simple_heuristic,max_power,1,19,3,3,2.376,6,0,0.0
battle-gen7randombattle-184774,simple_heuristic,max_power,1,28,4,2,2.0,6,0,0.0
battle-gen7randombattle-184775,simple_heuristic,max_power,1,18,2,4,4.0,6,0,0.0
battle-gen7randombattle-184776,simple_heuristic,max_power,1,18,5,1,0.903,6,0,0.0
battle-gen7randombattle-184777,simple_heuristic,max_power,1,13,2,4,4.0,6,0,0.0
battle-gen7randombattle-184778,simple_heuristic,max_power,0,13,6,0,0.0,3,1,1.0
battle-gen7randombattle-184779,simple_heuristic,max_power,1,21,3,3,1.506,6,0,0.0
battle-gen7randombattle-184780,simple_heuristic,max_power,1,21,1,5,3.562,6,0,0.0
battle-gen7randombattle-184781,simple_heuristic,max_power,1,19,4,2,1.619,6,0,0.0
battle-gen7randombattle-184782,simple_heuristic,max_power,1,14,2,4,3.688,6,0,0.0
battle-gen7randombattle-184783,simple_heuristic,max_power,1,30,5,1,0.261,6,0,0.0
battle-gen7randombattle-184784,simple_heuristic,max_power,1,41,3,3,2.013,6,0,0.0
battle-gen7randombattle-184785,simple_heuristic,max_power,1,12,1,5,4.185,6,0,0.0
battle-gen7randombattle-184786,simple_heuristic,max_power,1,21,4,2,0.711,6,0,0.0
battle-gen7randombattle-184787,simple_heuristic,max_power,1,15,2,4,3.281,6,0,0.0
battle-gen7randombattle-184788,simple_heuristic,max_power,1,21,2,4,3.679,6,0,0.0
battle-gen7randombattle-184539,simple_heuristic,max_power,0,20,6,0,0.0,5,1,0.58
battle-gen7randombattle-184540,simple_heuristic,max_power,1,24,3,3,2.694,6,0,0.0
battle-gen7randombattle-184541,simple_heuristic,max_power,1,15,4,2,1.128,6,0,0.0
battle-gen7randombattle-184542,simple_heuristic,max_power,1,15,3,3,2.178,6,0,0.0
battle-gen7randombattle-184543,simple_heuristic,max_power,1,13,2,4,3.701,6,0,0.0
battle-gen7randombattle-184544,simple_heuristic,max_power,1,26,2,4,3.443,6,0,0.0
battle-gen7randombattle-184545,simple_heuristic,max_power,1,17,5,1,0.513,6,0,0.0
battle-gen7randombattle-184546,simple_heuristic,max_power,1,14,2,4,3.05,6,0,0.0
battle-gen7randombattle-184547,simple_heuristic,max_power,1,20,4,2,1.271,6,0,0.0
battle-gen7randombattle-184548,simple_heuristic,max_power,0,58,6,0,0.0,3,1,0.76
battle-gen7randombattle-184549,simple_heuristic,max_power,1,18,5,1,1.0,6,0,0.0
battle-gen7randombattle-184550,simple_heuristic,max_power,1,24,3,3,2.755,6,0,0.0
battle-gen7randombattle-184551,simple_heuristic,max_power,1,18,5,1,0.41,6,0,0.0
battle-gen7randombattle-184552,simple_heuristic,max_power,1,28,4,2,2.0,6,0,0.0
battle-gen7randombattle-184553,simple_heuristic,max_power,1,10,1,5,3.152,6,0,0.0
battle-gen7randombattle-184554,simple_heuristic,max_power,1,16,3,3,2.555,6,0,0.0
battle-gen7randombattle-184555,simple_heuristic,max_power,1,16,4,2,2.0,6,0,0.0
battle-gen7randombattle-184556,simple_heuristic,max_power,1,11,3,3,3.0,6,0,0.0
battle-gen7randombattle-184557,simple_heuristic,max_power,1,14,2,4,4.0,6,0,0.0
battle-gen7randombattle-184558,simple_heuristic,max_power,1,27,5,1,1.0,6,0,0.0
battle-gen7randombattle-184559,simple_heuristic,max_power,1,13,1,5,5.0,6,0,0.0
battle-gen7randombattle-184560,simple_heuristic,max_power,1,12,3,3,3.0,6,0,0.0
battle-gen7randombattle-184561,simple_heuristic,max_power,1,18,2,4,2.488,6,0,0.0
battle-gen7randombattle-184562,simple_heuristic,max_power,1,21,4,2,1.034,6,0,0.0
battle-gen7randombattle-184563,simple_heuristic,max_power,1,16,4,2,1.784,6,0,0.0
battle-gen7randombattle-184564,simple_heuristic,max_power,1,14,1,5,4.268,6,0,0.0
battle-gen7randombattle-184565,simple_heuristic,max_power,1,17,2,4,3.503,6,0,0.0
battle-gen7randombattle-184566,simple_heuristic,max_power,1,14,3,3,2.592,6,0,0.0
battle-gen7randombattle-184567,simple_heuristic,max_power,1,25,5,1,0.283,6,0,0.0
battle-gen7randombattle-184568,simple_heuristic,max_power,1,23,4,2,0.236,6,0,0.0
battle-gen7randombattle-184569,simple_heuristic,max_power,1,15,2,4,3.849,6,0,0.0
battle-gen7randombattle-184570,simple_heuristic,max_power,1,18,4,2,1.248,6,0,0.0
battle-gen7randombattle-184571,simple_heuristic,max_power,1,18,4,2,2.0,6,0,0.0
battle-gen7randombattle-184572,simple_heuristic,max_power,1,21,3,3,2.354,6,0,0.0
battle-gen7randombattle-184573,simple_heuristic,max_power,1,28,4,2,1.633,6,0,0.0
battle-gen7randombattle-184574,simple_heuristic,max_power,1,16,3,3,2.638,6,0,0.0
battle-gen7randombattle-184575,simple_heuristic,max_power,1,17,2,4,3.655,6,0,0.0
battle-gen7randombattle-184576,simple_heuristic,max_power,1,24,3,3,1.925,6,0,0.0
battle-gen7randombattle-184577,simple_heuristic,max_power,1,24,4,2,1.072,6,0,0.0
battle-gen7randombattle-184578,simple_heuristic,max_power,0,29,6,0,0.0,4,1,0.23
battle-gen7randombattle-184579,simple_heuristic,max_power,1,22,2,4,3.498,6,0,0.0
battle-gen7randombattle-184580,simple_heuristic,max_power,1,20,3,3,1.904,6,0,0.0
battle-gen7randombattle-184581,simple_heuristic,max_power,1,25,0,6,5.185,6,0,0.0
battle-gen7randombattle-184582,simple_heuristic,max_power,1,21,4,2,0.705,6,0,0.0
battle-gen7randombattle-184583,simple_heuristic,max_power,1,20,4,2,1.46,6,0,0.0
battle-gen7randombattle-184584,simple_heuristic,max_power,1,31,5,1,0.817,6,0,0.0
battle-gen7randombattle-184585,simple_heuristic,max_power,0,21,6,0,0.0,5,1,1.0
battle-gen7randombattle-184586,simple_heuristic,max_power,1,15,4,2,2.0,6,0,0.0
battle-gen7randombattle-184587,simple_heuristic,max_power,1,19,3,3,2.708,6,0,0.0
battle-gen7randombattle-184588,simple_heuristic,max_power,1,23,4,2,1.345,6,0,0.0
battle-gen7randombattle-184589,simple_heuristic,max_power,1,14,3,3,3.0,6,0,0.0
battle-gen7randombattle-184590,simple_heuristic,max_power,1,18,2,4,3.387,6,0,0.0
battle-gen7randombattle-184591,simple_heuristic,max_power,1,17,3,3,2.363,6,0,0.0
battle-gen7randombattle-184592,simple_heuristic,max_power,1,15,4,2,1.606,6,0,0.0
battle-gen7randombattle-184593,simple_heuristic,max_power,1,28,3,3,2.812,6,0,0.0
battle-gen7randombattle-184594,simple_heuristic,max_power,1,21,3,3,2.957,6,0,0.0
battle-gen7randombattle-184595,simple_heuristic,max_power,1,16,2,4,2.149,6,0,0.0
battle-gen7randombattle-184596,simple_heuristic,max_power,1,13,2,4,3.012,6,0,0.0
battle-gen7randombattle-184597,simple_heuristic,max_power,0,22,6,0,0.0,5,1,0.41
battle-gen7randombattle-184598,simple_heuristic,max_power,1,19,1,5,4.705,6,0,0.0
battle-gen7randombattle-184599,simple_heuristic,max_power,1,17,3,3,2.883,6,0,0.0
battle-gen7randombattle-184600,simple_heuristic,max_power,1,14,2,4,3.327,6,0,0.0
battle-gen7randombattle-184601,simple_heuristic,max_power,1,22,5,1,0.849,6,0,0.0
battle-gen7randombattle-184602,simple_heuristic,max_power,1,16,3,3,3.0,6,0,0.0
battle-gen7randombattle-184603,simple_heuristic,max_power,1,24,4,2,1.414,6,0,0.0
battle-gen7randombattle-184604,simple_heuristic,max_power,1,14,1,5,5.0,6,0,0.0
battle-gen7randombattle-184605,simple_heuristic,max_power,1,12,1,5,3.194,6,0,0.0
battle-gen7randombattle-184606,simple_heuristic,max_power,1,26,0,6,5.37,6,0,0.0
battle-gen7randombattle-184607,simple_heuristic,max_power,1,16,3,3,2.225,6,0,0.0
battle-gen7randombattle-184608,simple_heuristic,max_power,0,17,6,0,0.0,4,1,0.91
battle-gen7randombattle-184609,simple_heuristic,max_power,1,17,2,4,3.675,6,0,0.0
battle-gen7randombattle-184610,simple_heuristic,max_power,1,17,0,6,5.861,6,0,0.0
battle-gen7randombattle-184611,simple_heuristic,max_power,1,13,2,4,3.343,6,0,0.0
battle-gen7randombattle-184612,simple_heuristic,max_power,1,14,4,2,1.786,6,0,0.0
battle-gen7randombattle-184613,simple_heuristic,max_power,0,21,6,0,0.0,5,1,0.41
battle-gen7randombattle-184614,simple_heuristic,max_power,1,13,2,4,3.367,6,0,0.0
battle-gen7randombattle-184615,simple_heuristic,max_power,1,31,3,3,1.644,6,0,0.0
battle-gen7randombattle-184616,simple_heuristic,max_power,1,14,2,4,3.165,6,0,0.0
battle-gen7randombattle-184617,simple_heuristic,max_power,1,24,4,2,1.213,6,0,0.0
battle-gen7randombattle-184618,simple_heuristic,max_power,1,17,5,1,0.179,6,0,0.0
battle-gen7randombattle-184619,simple_heuristic,max_power,1,15,3,3,2.386,6,0,0.0
battle-gen7randombattle-184620,simple_heuristic,max_power,1,13,1,5,4.903,6,0,0.0
battle-gen7randombattle-184621,simple_heuristic,max_power,1,20,1,5,4.801,6,0,0.0
battle-gen7randombattle-184622,simple_heuristic,max_power,0,21,6,0,0.0,0,1,0.23
battle-gen7randombattle-184623,simple_heuristic,max_power,1,23,4,2,1.476,6,0,0.0
battle-gen7randombattle-184624,simple_heuristic,max_power,0,81,6,0,0.0,3,1,0.75
battle-gen7randombattle-184625,simple_heuristic,max_power,1,15,2,4,2.959,6,0,0.0
battle-gen7randombattle-184626,simple_heuristic,max_power,1,20,4,2,1.323,6,0,0.0
battle-gen7randombattle-184627,simple_heuristic,max_power,1,17,3,3,2.31,6,0,0.0
battle-gen7randombattle-184628,simple_heuristic,max_power,1,21,3,3,2.707,6,0,0.0
battle-gen7randombattle-184629,simple_heuristic,max_power,1,19,2,4,3.879,6,0,0.0
battle-gen7randombattle-184630,simple_heuristic,max_power,0,18,6,0,0.0,5,1,0.35
battle-gen7randombattle-184631,simple_heuristic,max_power,1,21,2,4,4.0,6,0,0.0
battle-gen7randombattle-184632,simple_heuristic,max_power,1,24,5,1,0.097,6,0,0.0
battle-gen7randombattle-184633,simple_heuristic,max_power,1,22,4,2,1.215,6,0,0.0
battle-gen7randombattle-184634,simple_heuristic,max_power,1,38,4,2,1.581,6,0,0.0
battle-gen7randombattle-184635,simple_heuristic,max_power,0,139,6,0,0.0,4,1,0.75
battle-gen7randombattle-184636,simple_heuristic,max_power,1,15,1,5,4.15,6,0,0.0
battle-gen7randombattle-184637,simple_heuristic,max_power,1,16,2,4,4.0,6,0,0.0
battle-gen7randombattle-184638,simple_heuristic,max_power,1,12,1,5,4.813,6,0,0.0
battle-gen7randombattle-184639,simple_heuristic,max_power,1,18,5,1,0.633,6,0,0.0
battle-gen7randombattle-184640,simple_heuristic,max_power,1,24,2,4,3.06,6,0,0.0
battle-gen7randombattle-184641,simple_heuristic,max_power,1,16,4,2,1.511,6,0,0.0
battle-gen7randombattle-184642,simple_heuristic,max_power,1,13,0,6,6.0,6,0,0.0
battle-gen7randombattle-184643,simple_heuristic,max_power,1,12,2,4,4.0,6,0,0.0
battle-gen7randombattle-184644,simple_heuristic,max_power,1,17,3,3,1.895,6,0,0.0
battle-gen7randombattle-184645,simple_heuristic,max_power,1,20,2,4,3.531,6,0,0.0
battle-gen7randombattle-184646,simple_heuristic,max_power,1,17,4,2,1.37,6,0,0.0
battle-gen7randombattle-184647,simple_heuristic,max_power,1,27,4,2,1.12,6,0,0.0
battle-gen7randombattle-184648,simple_heuristic,max_power,1,15,1,5,4.615,6,0,0.0
battle-gen7randombattle-184649,simple_heuristic,max_power,1,13,3,3,2.758,6,0,0.0
battle-gen7randombattle-184650,simple_heuristic,max_power,0,21,6,0,0.0,5,1,0.18
battle-gen7randombattle-184651,simple_heuristic,max_power,1,17,1,5,4.829,6,0,0.0
battle-gen7randombattle-184652,simple_heuristic,max_power,1,20,5,1,0.532,6,0,0.0
battle-gen7randombattle-184653,simple_heuristic,max_power,1,20,4,2,1.303,6,0,0.0
battle-gen7randombattle-184654,simple_heuristic,max_power,1,16,3,3,2.275,6,0,0.0
battle-gen7randombattle-184655,simple_heuristic,max_power,1,13,3,3,2.17,6,0,0.0
battle-gen7randombattle-184656,simple_heuristic,max_power,1,17,1,5,5.0,6,0,0.0
battle-gen7randombattle-184657,simple_heuristic,max_power,1,19,5,1,0.202,6,0,0.0
battle-gen7randombattle-184658,simple_heuristic,max_power,1,22,4,2,1.308,6,0,0.0
battle-gen7randombattle-184659,simple_heuristic,max_power,1,17,2,4,2.657,6,0,0.0
battle-gen7randombattle-184660,simple_heuristic,max_power,1,19,4,2,0.809,6,0,0.0
battle-gen7randombattle-184661,simple_heuristic,max_power,1,17,3,3,2.483,6,0,0.0
battle-gen7randombattle-184662,simple_heuristic,max_power,1,15,3,3,2.586,6,0,0.0
battle-gen7randombattle-184663,simple_heuristic,max_power,1,16,4,2,1.9,6,0,0.0
battle-gen7randombattle-184664,simple_heuristic,max_power,0,16,6,0,0.0,5,1,1.0
battle-gen7randombattle-184665,simple_heuristic,max_power,1,14,4,2,2.0,6,0,0.0
battle-gen7randombattle-184666,simple_heuristic,max_power,1,18,4,2,2.0,6,0,0.0
battle-gen7randombattle-184667,simple_heuristic,max_power,1,18,3,3,1.473,6,0,0.0
battle-gen7randombattle-184668,simple_heuristic,max_power,0,17,6,0,0.0,4,1,0.04
battle-gen7randombattle-184669,simple_heuristic,max_power,1,17,1,5,5.0,6,0,0.0
battle-gen7randombattle-184670,simple_heuristic,max_power,1,39,4,2,1.044,6,0,0.0
battle-gen7randombattle-184671,simple_heuristic,max_power,1,14,3,3,2.767,6,0,0.0
battle-gen7randombattle-184672,simple_heuristic,max_power,1,15,3,3,2.075,6,0,0.0
battle-gen7randombattle-184673,simple_heuristic,max_power,1,26,3,3,2.426,6,0,0.0
battle-gen7randombattle-184674,simple_heuristic,max_power,1,16,4,2,1.598,6,0,0.0
battle-gen7randombattle-184675,simple_heuristic,max_power,1,15,4,2,1.194,6,0,0.0
battle-gen7randombattle-184676,simple_heuristic,max_power,1,10,1,5,4.155,6,0,0.0
battle-gen7randombattle-184677,simple_heuristic,max_power,1,11,2,4,3.101,6,0,0.0
battle-gen7randombattle-184678,simple_heuristic,max_power,1,14,3,3,2.25,6,0,0.0
battle-gen7randombattle-184679,simple_heuristic,max_power,0,16,6,0,0.0,4,2,0.54
battle-gen7randombattle-184680,simple_heuristic,max_power,1,44,3,3,2.237,6,0,0.0
battle-gen7randombattle-184681,simple_heuristic,max_power,1,18,4,2,1.687,6,0,0.0
battle-gen7randombattle-184682,simple_heuristic,max_power,1,16,2,4,3.872,6,0,0.0
battle-gen7randombattle-184683,simple_heuristic,max_power,1,16,3,3,2.489,6,0,0.0
battle-gen7randombattle-184684,simple_heuristic,max_power,0,22,6,0,0.0,4,0,0.0
battle-gen7randombattle-184685,simple_heuristic,max_power,1,19,4,2,1.854,6,0,0.0
battle-gen7randombattle-184686,simple_heuristic,max_power,1,20,4,2,1.996,6,0,0.0
battle-gen7randombattle-184687,simple_heuristic,max_power,0,13,6,0,0.0,3,0,0.0
battle-gen7randombattle-184688,simple_heuristic,max_power,1,20,4,2,1.349,6,0,0.0
battle-gen7randombattle-184689,simple_heuristic,max_power,1,21,5,1,1.0,6,0,0.0
battle-gen7randombattle-184690,simple_heuristic,max_power,1,13,2,4,3.029,6,0,0.0
battle-gen7randombattle-184691,simple_heuristic,max_power,1,17,4,2,0.649,6,0,0.0
battle-gen7randombattle-184692,simple_heuristic,max_power,1,14,2,4,3.037,6,0,0.0
battle-gen7randombattle-184693,simple_heuristic,max_power,1,24,3,3,2.411,6,0,0.0
battle-gen7randombattle-184694,simple_heuristic,max_power,1,28,5,1,0.109,6,0,0.0
battle-gen7randombattle-184695,simple_heuristic,max_power,0,27,6,0,0.0,2,1,0.37
battle-gen7randombattle-184696,simple_heuristic,max_power,1,11,3,3,2.901,6,0,0.0
battle-gen7randombattle-184697,simple_heuristic,max_power,1,20,1,5,3.112,6,0,0.0
battle-gen7randombattle-184698,simple_heuristic,max_power,1,18,4,2,1.403,6,0,0.0
battle-gen7randombattle-184699,simple_heuristic,max_power,0,30,6,0,0.0,5,1,0.12
battle-gen7randombattle-184700,simple_heuristic,max_power,1,36,4,2,1.433,6,0,0.0
battle-gen7randombattle-184701,simple_heuristic,max_power,0,19,6,0,0.0,5,1,0.74
battle-gen7randombattle-184702,simple_heuristic,max_power,0,17,6,0,0.0,5,1,1.0
battle-gen7randombattle-184703,simple_heuristic,max_power,1,16,4,2,1.417,6,0,0.0
battle-gen7randombattle-184704,simple_heuristic,max_power,1,23,5,1,0.539,6,0,0.0
battle-gen7randombattle-184705,simple_heuristic,max_power,1,16,2,4,3.454,6,0,0.0
battle-gen7randombattle-184706,simple_heuristic,max_power,1,16,3,3,2.902,6,0,0.0
battle-gen7randombattle-184707,simple_heuristic,max_power,1,13,2,4,3.594,6,0,0.0
battle-gen7randombattle-184708,simple_heuristic,max_power,1,18,3,3,3.0,6,0,0.0
battle-gen7randombattle-184709,simple_heuristic,max_power,1,43,5,1,0.176,6,0,0.0
battle-gen7randombattle-184710,simple_heuristic,max_power,1,24,5,1,0.007,6,0,0.0
battle-gen7randombattle-184711,simple_heuristic,max_power,0,21,6,0,0.0,5,1,0.76
battle-gen7randombattle-184712,simple_heuristic,max_power,1,16,3,3,2.595,6,0,0.0
battle-gen7randombattle-184713,simple_heuristic,max_power,1,17,4,2,1.197,6,0,0.0
battle-gen7randombattle-184714,simple_heuristic,max_power,1,22,5,1,1.0,6,0,0.0
battle-gen7randombattle-184715,simple_heuristic,max_power,0,18,6,0,0.0,4,1,0.02
battle-gen7randombattle-184716,simple_heuristic,max_power,1,12,1,5,4.111,6,0,0.0
battle-gen7randombattle-184717,simple_heuristic,max_power,0,28,6,0,0.0,5,1,0.22
battle-gen7randombattle-184718,simple_heuristic,max_power,1,16,2,4,4.0,6,0,0.0
battle-gen7randombattle-184719,simple_heuristic,max_power,1,19,2,4,3.552,6,0,0.0
battle-gen7randombattle-184720,simple_heuristic,max_power,1,26,5,1,1.0,6,0,0.0
battle-gen7randombattle-184721,simple_heuristic,max_power,1,16,2,4,3.097,6,0,0.0
battle-gen7randombattle-184722,simple_heuristic,max_power,1,19,4,2,1.787,6,0,0.0
battle-gen7randombattle-184723,simple_heuristic,max_power,1,24,4,2,0.828,6,0,0.0
battle-gen7randombattle-184724,simple_heuristic,max_power,1,20,5,1,0.911,6,0,0.0
battle-gen7randombattle-184725,simple_heuristic,max_power,1,21,3,3,3.0,6,0,0.0
battle-gen7randombattle-184726,simple_heuristic,max_power,0,33,6,0,0.0,5,1,0.05
battle-gen7randombattle-184727,simple_heuristic,max_power,1,15,2,4,3.251,6,0,0.0
battle-gen7randombattle-184728,simple_heuristic,max_power,1,21,2,4,2.186,6,0,0.0
battle-gen7randombattle-184729,simple_heuristic,max_power,1,25,5,1,1.0,6,0,0.0
battle-gen7randombattle-184730,simple_heuristic,max_power,1,20,5,1,0.518,6,0,0.0
battle-gen7randombattle-184731,simple_heuristic,max_power,1,18,4,2,1.122,6,0,0.0
battle-gen7randombattle-184732,simple_heuristic,max_power,1,13,3,3,2.269,6,0,0.0
battle-gen7randombattle-184733,simple_heuristic,max_power,1,16,2,4,3.708,6,0,0.0
battle-gen7randombattle-184734,simple_heuristic,max_power,1,18,2,4,3.446,6,0,0.0
battle-gen7randombattle-184735,simple_heuristic,max_power,1,18,3,3,2.472,6,0,0.0
battle-gen7randombattle-184736,simple_heuristic,max_power,1,15,1,5,4.685,6,0,0.0
battle-gen7randombattle-184737,simple_heuristic,max_power,1,18,2,4,3.905,6,0,0.0
battle-gen7randombattle-184738,simple_heuristic,max_power,1,42,3,3,1.823,6,0,0.0
battle-gen7randombattle-184739,simple_heuristic,max_power,1,13,1,5,5.0,6,0,0.0
battle-gen7randombattle-184740,simple_heuristic,max_power,1,13,4,2,1.64,6,0,0.0
battle-gen7randombattle-184741,simple_heuristic,max_power,1,14,2,4,3.829,6,0,0.0
battle-gen7randombattle-184742,simple_heuristic,max_power,1,18,5,1,0.143,6,0,0.0
battle-gen7randombattle-184743,simple_heuristic,max_power,1,18,2,4,3.215,6,0,0.0
battle-gen7randombattle-184744,simple_heuristic,max_power,1,11,2,4,3.24,6,0,0.0
battle-gen7randombattle-184745,simple_heuristic,max_power,1,16,2,4,3.116,6,0,0.0
battle-gen7randombattle-184746,simple_heuristic,max_power,1,20,3,3,2.614,6,0,0.0
battle-gen7randombattle-184747,simple_heuristic,max_power,1,14,3,3,3.0,6,0,0.0
battle-gen7randombattle-184748,simple_heuristic,max_power,1,12,2,4,3.247,6,0,0.0
battle-gen7randombattle-184749,simple_heuristic,max_power,1,18,3,3,2.776,6,0,0.0
battle-gen7randombattle-184750,simple_heuristic,max_power,1,21,3,3,2.583,6,0,0.0
battle-gen7randombattle-184751,simple_heuristic,max_power,1,11,3,3,2.083,6,0,0.0
battle-gen7randombattle-184752,simple_heuristic,max_power,1,26,5,1,1.0,6,0,0.0
battle-gen7randombattle-184753,simple_heuristic,max_power,1,25,5,1,1.0,6,0,0.0
battle-gen7randombattle-184754,simple_heuristic,max_power,1,10,1,5,4.061,6,0,0.0
battle-gen7randombattle-184755,simple_heuristic,max_power,0,21,6,0,0.0,5,1,0.24
battle-gen7randombattle-184756,simple_heuristic,max_power,1,19,1,5,4.568,6,0,0.0
battle-gen7randombattle-184757,simple_heuristic,max_power,1,11,2,4,3.031,6,0,0.0
battle-gen7randombattle-184758,simple_heuristic,max_power,1,17,5,1,0.5,6,0,0.0
battle-gen7randombattle-184759,simple_heuristic,max_power,0,19,6,0,0.0,5,1,1.0
battle-gen7randombattle-184760,simple_heuristic,max_power,1,15,4,2,2.0,6,0,0.0
battle-gen7randombattle-184761,simple_heuristic,max_power,1,15,2,4,3.306,6,0,0.0
battle-gen7randombattle-184762,simple_heuristic,max_power,1,18,4,2,1.883,6,0,0.0
battle-gen7randombattle-184763,simple_heuristic,max_power,0,36,6,0,0.0,5,1,0.23
battle-gen7randombattle-184764,simple_heuristic,max_power,1,18,4,2,1.577,6,0,0.0
battle-gen7randombattle-184765,simple_heuristic,max_power,0,12,6,0,0.0,1,1,0.19
battle-gen7randombattle-184766,simple_heuristic,max_power,1,14,4,2,1.347,6,0,0.0
battle-gen7randombattle-184767,simple_heuristic,max_power,1,41,5,1,0.192,6,0,0.0
battle-gen7randombattle-184768,simple_heuristic,max_power,1,19,4,2,1.608,6,0,0.0
battle-gen7randombattle-184769,simple_heuristic,max_power,1,11,2,4,3.317,6,0,0.0
battle-gen7randombattle-184770,simple_heuristic,max_power,1,17,3,3,1.487,6,0,0.0
battle-gen7randombattle-184771,simple_heuristic,max_power,1,23,4,2,1.078,6,0,0.0
battle-gen7randombattle-184772,simple_heuristic,max_power,1,14,2,4,3.228,6,0,0.0
battle-gen7randombattle-184773,simple_heuristic,max_power,1,19,4,2,1.901,6,0,0.0
battle-gen7randombattle-184774,simple_heuristic,max_power,1,16,2,4,3.407,6,0,0.0
battle-gen7randombattle-184775,simple_heuristic,max_power,1,17,2,4,2.982,6,0,0.0
battle-gen7randombattle-184776,simple_heuristic,max_power,1,22,4,2,1.893,6,0,0.0
battle-gen7randombattle-184777,simple_heuristic,max_power,1,20,2,4,4.0,6,0,0.0
battle-gen7randombattle-184778,simple_heuristic,max_power,1,27,2,4,4.0,6,0,0.0
battle-gen7randombattle-184779,simple_heuristic,max_power,1,13,2,4,3.802,6,0,0.0
battle-gen7randombattle-184780,simple_heuristic,max_power,1,16,4,2,1.018,6,0,0.0
battle-gen7randombattle-184781,simple_heuristic,max_power,1,16,2,4,3.352,6,0,0.0
battle-gen7randombattle-184782,simple_heuristic,max_power,1,15,2,4,2.844,6,0,0.0
battle-gen7randombattle-184783,simple_heuristic,max_power,1,17,4,2,2.0,6,0,0.0
battle-gen7randombattle-184784,simple_heuristic,max_power,1,16,1,5,4.101,6,0,0.0
battle-gen7randombattle-184785,simple_heuristic,max_power,1,18,2,4,3.851,6,0,0.0
battle-gen7randombattle-184786,simple_heuristic,max_power,1,15,4,2,2.0,6,0,0.0
battle-gen7randombattle-184787,simple_heuristic,max_power,1,19,4,2,2.0,6,0,0.0
battle-gen7randombattle-184788,simple_heuristic,max_power,0,40,6,0,0.0,2,1,0.41
